id;numero;rep;nom_voie;code_postal;code_insee;nom_commune;nom_ancienne_commune;nom_ld;lon;lat
07089_0003_00156;156;;Chemin Rural de la Boissonnat;07340;07089;Félines;;;4.726402;45.309135
07089_0025_00474;474;;Route de Larin le Bas;07340;07089;Félines;;;4.746928;45.306657
07089_0010_00633;633;;Route de Combalat;07340;07089;Félines;;;4.722509;45.309359
07089_a002_00222;222;;Lot Sainte Blandine le Bas;07340;07089;Félines;;;4.725445;45.310273
07089_0020_00365;365;;Route des Grands Près;07340;07089;Félines;;;4.732994;45.316602
07089_0100_00995;995;;Route du Pilat;07340;07089;Félines;;;4.732497;45.324462
07089_0003_00101;101;;Chemin Rural de la Boissonnat;07340;07089;Félines;;;4.727636;45.309568
07089_0027_00169;169;;Rue du Lavoir;07340;07089;Félines;;;4.72627;45.314282
07089_0107_00041;41;;Route de la Remise;07340;07089;Félines;;;4.741865;45.310093
07089_x4ggdf_00037;37;;Chemin Rural du Clos;07340;07089;Félines;;;4.746079;45.305534
07089_0025_00195;195;;Route de Larin le Bas;07340;07089;Félines;;;4.747589;45.307813
07089_0026_00003;3;;Route de Larin le Haut;07340;07089;Félines;;;4.741919;45.308622
07089_0096_00488;488;;Route de Maclas;07340;07089;Félines;;;4.741153;45.319071
07089_0016_00592;592;;Route de Fontachard;07340;07089;Félines;;;4.746355;45.320791
07089_0030_00144;144;;Rue du Moulin à Vent;07340;07089;Félines;;;4.730175;45.321443
07089_0096_00959;959;;Route de Maclas;07340;07089;Félines;;;4.739627;45.323069
07089_0010_00421;421;;Route de Combalat;07340;07089;Félines;;;4.723772;45.31121
07089_0121_00683;683;;route de Vinzieux;07340;07089;Félines;;;4.713756;45.321881
07089_0103_00139;139;;Route de Prost;07340;07089;Félines;;;4.742695;45.326936
07089_0033_00002;2;;Place du 19 Mars 1962;07340;07089;Félines;;;4.728565;45.316193
07089_0003_00174;174;;Chemin Rural de la Boissonnat;07340;07089;Félines;;;4.726771;45.309826
07089_0008_00995;995;;Route du Chatelet;07340;07089;Félines;;;4.729786;45.308077
07089_0027_00046;46;;Rue du Lavoir;07340;07089;Félines;;;4.725963;45.314748
07089_0010_00030;30;;Route de Combalat;07340;07089;Félines;;;4.72739;45.311929
07089_0103_00165;165;;Route de Prost;07340;07089;Félines;;;4.7431;45.326745
07089_0010_00985;985;;Route de Combalat;07340;07089;Félines;;;4.718828;45.308325
07089_0103_00338_bis;338;bis;Route de Prost;07340;07089;Félines;;;4.745215;45.325753
07089_0107_00398;398;;Route de la Remise;07340;07089;Félines;;;4.745887;45.310787
07089_a002_00057;57;;Lot Sainte Blandine le Bas;07340;07089;Félines;;;4.726661;45.310407
07089_0107_00402;402;;Route de la Remise;07340;07089;Félines;;;4.746675;45.310931
07089_0100_01026;1026;;Route du Pilat;07340;07089;Félines;;;4.733564;45.324458
07089_a5rxhu_00113;113;;Impasse du Lac;07340;07089;Félines;;;4.741868;45.310756
07089_0103_00336;336;;Route de Prost;07340;07089;Félines;;;4.745386;45.326552
07089_0015_00140;140;;Rue du Fayet;07340;07089;Félines;;;4.72684;45.317347
07089_0111_00086;86;;Rue des Roisses;07340;07089;Félines;;;4.743831;45.327202
07089_9jb2br_00167;167;;Rue des Guillots;07340;07089;Félines;;;4.73169;45.317319
07089_0017_00592;592;;Chemin Rural de Font Aube;07340;07089;Félines;;;4.744856;45.306193
07089_0012_00021;21;;Rue des Ecoles;07340;07089;Félines;;;4.728503;45.317546
07089_0102_00126;126;;Route de Peaugres;07340;07089;Félines;;;4.730412;45.305128
07089_tu4km7_00006;6;;Lotissement les Chataigniers;07340;07089;Félines;;;4.721543;45.31854
07089_0107_00047;47;;Route de la Remise;07340;07089;Félines;;;4.741633;45.310314
07089_0113_01247;1247;;Chemin de Pre Long;07340;07089;Félines;;;4.73995;45.324044
07089_0008_01484;1484;;Route du Chatelet;07340;07089;Félines;;;4.732894;45.305463
07089_0025_00315;315;;Route de Larin le Bas;07340;07089;Félines;;;4.748813;45.307089
07089_0015_00017;17;;Rue du Fayet;07340;07089;Félines;;;4.728107;45.316585
07089_0099_00137;137;;Route de Montvallier;07340;07089;Félines;;;4.724299;45.318677
07089_0103_00163;163;;Route de Prost;07340;07089;Félines;;;4.743092;45.326407
07089_0026_00005;5;;Route de Larin le Haut;07340;07089;Félines;;;4.741986;45.308648
07089_0003_00058;58;;Chemin Rural de la Boissonnat;07340;07089;Félines;;;4.72731;45.309996
07089_0026_00512;512;;Route de Larin le Haut;07340;07089;Félines;;;4.746325;45.305918
07089_0028_00397;397;;Rue des Milhots;07340;07089;Félines;;;4.725678;45.316298
07089_0016_00576;576;;Route de Fontachard;07340;07089;Félines;;;4.746431;45.320335
07089_0020_00321;321;;Route des Grands Près;07340;07089;Félines;;;4.732473;45.316591
07089_7e8qzt_00055;55;;Impasse de Brezon;07340;07089;Félines;;;4.733432;45.315147
07089_a001_00118;118;;Lot Sainte Blandine le Haut;07340;07089;Félines;;;4.724475;45.310385
07089_0011_00090;90;;Rue des Aurores;07340;07089;Félines;;;4.72905;45.319018
07089_9jb2br_00246;246;;Rue des Guillots;07340;07089;Félines;;;4.732178;45.317184
07089_0025_00492;492;;Route de Larin le Bas;07340;07089;Félines;;;4.746685;45.306269
07089_0027_00189;189;;Rue du Lavoir;07340;07089;Félines;;;4.726946;45.314192
07089_0107_00068;68;;Route de la Remise;07340;07089;Félines;;;4.742589;45.309697
07089_0028_00491;491;;Rue des Milhots;07340;07089;Félines;;;4.724034;45.31628
07089_0025_00345;345;;Route de Larin le Bas;07340;07089;Félines;;;4.748541;45.306928
07089_a002_00275;275;;Lot Sainte Blandine le Bas;07340;07089;Félines;;;4.725514;45.310655
07089_0010_01717;1717;;Route de Combalat;07340;07089;Félines;;;4.711223;45.306931
07089_0026_00426;426;;Route de Larin le Haut;07340;07089;Félines;;;4.745017;45.306293
07089_0028_00217;217;;Rue des Milhots;07340;07089;Félines;;;4.726331;45.315163
07089_pz3q6n_00123;123;;Impasse de Larneve;07340;07089;Félines;;;4.725496;45.308718
07089_8asz48_00071;71;;Rue du Levant;07340;07089;Félines;;;4.729753;45.318428
07089_0006_00256;256;;Route de Brezon;07340;07089;Félines;;;4.73196;45.31542
07089_0006_00779;779;;Route de Brezon;07340;07089;Félines;;;4.732496;45.312176
07089_9jb2br_00822_b;822;b;Rue des Guillots;07340;07089;Félines;;;4.739077;45.318853
07089_0103_00054;54;;Route de Prost;07340;07089;Félines;;;4.74217;45.326895
07089_0027_00167;167;;Rue du Lavoir;07340;07089;Félines;;;4.726502;45.314278
07089_8asz48_00078;78;;Rue du Levant;07340;07089;Félines;;;4.730656;45.318513
07089_0026_00001;1;;Route de Larin le Haut;07340;07089;Félines;;;4.741872;45.308602
07089_a5rxhu_00109;109;;Impasse du Lac;07340;07089;Félines;;;4.74192;45.310645
07089_0028_00248;248;;Rue des Milhots;07340;07089;Félines;;;4.72658;45.315375
07089_0009_00107;107;;Chemin Rural les Bourras;07340;07089;Félines;;;4.733472;45.321082
07089_0015_00163;163;;Rue du Fayet;07340;07089;Félines;;;4.726474;45.317244
07089_0010_01420;1420;;Route de Combalat;07340;07089;Félines;;;4.713791;45.308506
07089_0096_01169;1169;;Route de Maclas;07340;07089;Félines;;;4.741193;45.324615
07089_0010_01588;1588;;Route de Combalat;07340;07089;Félines;;;4.711382;45.308275
07089_0025_00368;368;;Route de Larin le Bas;07340;07089;Félines;;;4.748277;45.306712
07089_0025_00323;323;;Route de Larin le Bas;07340;07089;Félines;;;4.74933;45.307194
07089_0026_00114;114;;Route de Larin le Haut;07340;07089;Félines;;;4.741982;45.307614
07089_0015_00386;386;;Rue du Fayet;07340;07089;Félines;;;4.722886;45.318315
07089_0003_00199;199;;Chemin Rural de la Boissonnat;07340;07089;Félines;;;4.727217;45.308638
07089_0003_00088;88;;Chemin Rural de la Boissonnat;07340;07089;Félines;;;4.72733;45.309689
07089_0107_00298;298;;Route de la Remise;07340;07089;Félines;;;4.745548;45.310004
07089_0003_00164;164;;Chemin Rural de la Boissonnat;07340;07089;Félines;;;4.725943;45.309191
07089_0010_01297;1297;;Route de Combalat;07340;07089;Félines;;;4.715137;45.30823
07089_s543qb_00092;92;;Chemin du Moulin à Vent;07340;07089;Félines;;;4.728203;45.319046
07089_0006_00749;749;;Route de Brezon;07340;07089;Félines;;;4.732676;45.311498
07089_0033_00035;35;;Place du 19 Mars 1962;07340;07089;Félines;;;4.728542;45.316287
07089_0113_01124;1124;;Chemin de Pre Long;07340;07089;Félines;;;4.739584;45.323983
07089_0114_00006;6;;Rue du Puits Fauvet;07340;07089;Félines;;;4.7285;45.316694
07089_0026_00470;470;;Route de Larin le Haut;07340;07089;Félines;;;4.745404;45.306083
07089_0029_00296;296;;Route de Marquian;07340;07089;Félines;;;4.7474;45.31597
07089_tu4km7_00010;10;;Lotissement les Chataigniers;07340;07089;Félines;;;4.721394;45.318209
07089_0099_00211;211;;Route de Montvallier;07340;07089;Félines;;;4.723242;45.319306
07089_0101_00105;105;;Chemin Rural des Peyrieres;07340;07089;Félines;;;4.730545;45.322447
07089_0107_00053;53;;Route de la Remise;07340;07089;Félines;;;4.74149;45.310558
07089_0028_00535;535;;Rue des Milhots;07340;07089;Félines;;;4.724026;45.317096
07089_0107_00300;300;;Route de la Remise;07340;07089;Félines;;;4.74531;45.309855
07089_0112_00031;31;;Chemin de Terre Longue;07340;07089;Félines;;;4.710562;45.307825
07089_0102_00231;231;;Route de Peaugres;07340;07089;Félines;;;4.73026;45.304141
07089_0005_00018;18;;Rue de l’Ancienne Poste;07340;07089;Félines;;;4.727878;45.317406
07089_0096_01705;1705;;Route de Maclas;07340;07089;Félines;;;4.738372;45.328233
07089_0107_00051;51;;Route de la Remise;07340;07089;Félines;;;4.741571;45.310463
07089_0008_00400;400;;Route du Chatelet;07340;07089;Félines;;;4.72657;45.312576
07089_0113_00060;60;;Chemin de Pre Long;07340;07089;Félines;;;4.73925;45.323436
07089_0015_00097;97;;Rue du Fayet;07340;07089;Félines;;;4.72726;45.317059
07089_a001_00246;246;;Lot Sainte Blandine le Haut;07340;07089;Félines;;;4.724763;45.311175
07089_0008_00950;950;;Route du Chatelet;07340;07089;Félines;;;4.729005;45.308988
07089_0122_00072;72;;Chemin du Vivier;07340;07089;Félines;;;4.739755;45.31841
07089_0020_00511;511;;Route des Grands Près;07340;07089;Félines;;;4.734774;45.316628
07089_bl6wo2_00002_bis;2;bis;Zone Industrielle le Flacher;07340;07089;Félines;;;4.738093;45.307697
07089_ecbue3_00316;316;;route des PI;07340;07089;Félines;;;4.725255;45.303525
07089_0016_00673;673;;Route de Fontachard;07340;07089;Félines;;;4.747067;45.321031
07089_9jb2br_00370;370;;Rue des Guillots;07340;07089;Félines;;;4.733734;45.31739
07089_0096_00604;604;;Route de Maclas;07340;07089;Félines;;;4.741227;45.320257
07089_0029_00674;674;;Route de Marquian;07340;07089;Félines;;;4.751953;45.317298
07089_0108_00780;780;;Route des Reynauds;07340;07089;Félines;;;4.709771;45.318601
07089_0028_00095;95;;Rue des Milhots;07340;07089;Félines;;;4.727682;45.315579
07089_0107_00306;306;;Route de la Remise;07340;07089;Félines;;;4.745266;45.310603
07089_0020_00943;943;;Route des Grands Près;07340;07089;Félines;;;4.739302;45.315077
07089_0099_00224;224;;Route de Montvallier;07340;07089;Félines;;;4.723923;45.319795
07089_0020_00243;243;;Route des Grands Près;07340;07089;Félines;;;4.731473;45.316588
07089_0020_00626;626;;Route des Grands Près;07340;07089;Félines;;;4.735855;45.315637
07089_0010_01391;1391;;Route de Combalat;07340;07089;Félines;;;4.714092;45.308186
07089_0099_00242;242;;Route de Montvallier;07340;07089;Félines;;;4.723228;45.320146
07089_9jb2br_00813;813;;Rue des Guillots;07340;07089;Félines;;;4.738819;45.31933
07089_0120_00382;382;;Rue de Vieron;07340;07089;Félines;;;4.733825;45.319288
07089_0031_00517;517;;Chemin Rural du Chateau du Mein;07340;07089;Félines;;;4.712622;45.321946
07089_o5rtrd_00275;275;;Zone Artisanale Le Lac;07340;07089;Félines;;;4.74062;45.310792
07089_s543qb_00090;90;;Chemin du Moulin à Vent;07340;07089;Félines;;;4.728313;45.318845
07089_0105_00194;194;;Route de la Réatière;07340;07089;Félines;;;4.731231;45.324736
07089_0028_00558;558;;Rue des Milhots;07340;07089;Félines;;;4.724646;45.317057
07089_0025_00484;484;;Route de Larin le Bas;07340;07089;Félines;;;4.746629;45.306762
07089_0099_00305;305;;Route de Montvallier;07340;07089;Félines;;;4.722633;45.319251
07089_a001_00122;122;;Lot Sainte Blandine le Haut;07340;07089;Félines;;;4.72441;45.310505
07089_0016_00675;675;;Route de Fontachard;07340;07089;Félines;;;4.747403;45.321081
07089_0029_00472;472;;Route de Marquian;07340;07089;Félines;;;4.749665;45.31672
07089_0099_00076;76;;Route de Montvallier;07340;07089;Félines;;;4.725411;45.319069
07089_a001_00265;265;;Lot Sainte Blandine le Haut;07340;07089;Félines;;;4.724479;45.311586
07089_0096_00610;610;;Route de Maclas;07340;07089;Félines;;;4.740971;45.320311
07089_0004_00046;46;;Rue des Berthois;07340;07089;Félines;;;4.727665;45.316235
07089_0118_00002;2;;Rue du Sordeau;07340;07089;Félines;;;4.727979;45.317754
07089_0005_00027;27;;Rue de l’Ancienne Poste;07340;07089;Félines;;;4.727596;45.317245
07089_0020_00025;25;;Route des Grands Près;07340;07089;Félines;;;4.728743;45.316521
07089_0008_00402;402;;Route du Chatelet;07340;07089;Félines;;;4.727034;45.313095
07089_0100_00870;870;;Route du Pilat;07340;07089;Félines;;;4.73345;45.323335
07089_0016_00216;216;;Route de Fontachard;07340;07089;Félines;;;4.742358;45.321941
07089_0006_00552;552;;Route de Brezon;07340;07089;Félines;;;4.732683;45.312957
07089_0107_00160;160;;Route de la Remise;07340;07089;Félines;;;4.743554;45.310078
07089_xmx18q_00208;208;;D820;07340;07089;Félines;;;4.744191;45.309831
07089_0006_00739;739;;Route de Brezon;07340;07089;Félines;;;4.732958;45.311841
07089_0099_00228;228;;Route de Montvallier;07340;07089;Félines;;;4.724119;45.320275
07089_0103_00340;340;;Route de Prost;07340;07089;Félines;;;4.745625;45.325767
07089_0099_00218;218;;Route de Montvallier;07340;07089;Félines;;;4.72355;45.320308
07089_0100_00380;380;;Route du Pilat;07340;07089;Félines;;;4.731857;45.318842
07089_0100_00800;800;;Route du Pilat;07340;07089;Félines;;;4.732857;45.322667
07089_0096_00434;434;;Route de Maclas;07340;07089;Félines;;;4.740644;45.318657
07089_7e8qzt_00157;157;;Impasse de Brezon;07340;07089;Félines;;;4.734916;45.315324
07089_0011_00066;66;;Rue des Aurores;07340;07089;Félines;;;4.729404;45.319064
07089_0028_00056;56;;Rue des Milhots;07340;07089;Félines;;;4.727815;45.315714
07089_0008_00997;997;;Route du Chatelet;07340;07089;Félines;;;4.729744;45.307842
07089_0032_00789;789;;Route de l’Olme;07340;07089;Félines;;;4.744514;45.3128
07089_0105_00058;58;;Route de la Réatière;07340;07089;Félines;;;4.732602;45.323832
07089_0096_00580;580;;Route de Maclas;07340;07089;Félines;;;4.740991;45.319911
07089_0100_00052;52;;Route du Pilat;07340;07089;Félines;;;4.728625;45.31693
07089_a002_00050;50;;Lot Sainte Blandine le Bas;07340;07089;Félines;;;4.726679;45.310667
07089_o5rtrd_00185;185;;Zone Artisanale Le Lac;07340;07089;Félines;;;4.740965;45.310036
07089_0001_00004;4;;Place de la Bascule;07340;07089;Félines;;;4.72819;45.316812
07089_0017_00059;59;;Chemin Rural de Font Aube;07340;07089;Félines;;;4.741225;45.3077
07089_0096_00305;305;;Route de Maclas;07340;07089;Félines;;;4.7398;45.317481
07089_0028_00489;489;;Rue des Milhots;07340;07089;Félines;;;4.725039;45.316079
07089_0096_00229;229;;Route de Maclas;07340;07089;Félines;;;4.73934;45.316902
07089_0025_00317;317;;Route de Larin le Bas;07340;07089;Félines;;;4.74884;45.306907
07089_0099_00380;380;;Route de Montvallier;07340;07089;Félines;;;4.721387;45.319368
07089_0101_00213;213;;Chemin Rural des Peyrieres;07340;07089;Félines;;;4.730439;45.323635
07089_0096_00227;227;;Route de Maclas;07340;07089;Félines;;;4.739808;45.317006
07089_a001_00197;197;;Lot Sainte Blandine le Haut;07340;07089;Félines;;;4.724042;45.311056
07089_0103_00082;82;;Route de Prost;07340;07089;Félines;;;4.742428;45.32713
07089_0107_00173;173;;Route de la Remise;07340;07089;Félines;;;4.743585;45.31022
07089_0008_00842;842;;Route du Chatelet;07340;07089;Félines;;;4.729196;45.309437
07089_9jb2br_00754;754;;Rue des Guillots;07340;07089;Félines;;;4.738321;45.318326
07089_0010_01371;1371;;Route de Combalat;07340;07089;Félines;;;4.714639;45.308153
07089_a5rxhu_00025;25;;Impasse du Lac;07340;07089;Félines;;;4.742188;45.309868
07089_0113_01116;1116;;Chemin de Pre Long;07340;07089;Félines;;;4.739232;45.323924
07089_0108_00876;876;;Route des Reynauds;07340;07089;Félines;;;4.70829;45.318117
07089_0105_00061;61;;Route de la Réatière;07340;07089;Félines;;;4.731839;45.323826
07089_0003_00172;172;;Chemin Rural de la Boissonnat;07340;07089;Félines;;;4.726554;45.309741
07089_0099_00389;389;;Route de Montvallier;07340;07089;Félines;;;4.721523;45.318943
07089_0111_00193;193;;Rue des Roisses;07340;07089;Félines;;;4.744893;45.327183
07089_0028_00230;230;;Rue des Milhots;07340;07089;Félines;;;4.726547;45.315236
07089_0006_00580;580;;Route de Brezon;07340;07089;Félines;;;4.73313;45.312835
07089_0009_00067;67;;Chemin Rural les Bourras;07340;07089;Félines;;;4.733255;45.32135
07089_0015_00048;48;;Rue du Fayet;07340;07089;Félines;;;4.727867;45.316863
07089_b087_00093;93;;Vignes Maures;07340;07089;Félines;;;4.746286;45.310132
07089_0105_00140;140;;Route de la Réatière;07340;07089;Félines;;;4.732129;45.324156
07089_a002_00359;359;;Lot Sainte Blandine le Bas;07340;07089;Félines;;;4.725279;45.31138
07089_0003_00024;24;;Chemin Rural de la Boissonnat;07340;07089;Félines;;;4.727306;45.310301
07089_0006_00688;688;;Route de Brezon;07340;07089;Félines;;;4.733477;45.312589
07089_0028_00533;533;;Rue des Milhots;07340;07089;Félines;;;4.724185;45.316797
07089_a001_00147;147;;Lot Sainte Blandine le Haut;07340;07089;Félines;;;4.724006;45.310476
07089_0018_00095;95;;Rue des Garottes;07340;07089;Félines;;;4.726245;45.316722
07089_0015_00408;408;;Rue du Fayet;07340;07089;Félines;;;4.722379;45.317769
07089_0008_00388;388;;Route du Chatelet;07340;07089;Félines;;;4.726405;45.313481
07089_0099_00159;159;;Route de Montvallier;07340;07089;Félines;;;4.724134;45.319072
07089_0017_00547;547;;Chemin Rural de Font Aube;07340;07089;Félines;;;4.744687;45.306496
07089_0006_00654;654;;Route de Brezon;07340;07089;Félines;;;4.733791;45.312492
07089_0008_00737;737;;Route du Chatelet;07340;07089;Félines;;;4.728942;45.310067
07089_0107_00151;151;;Route de la Remise;07340;07089;Félines;;;4.741369;45.30962
07089_0020_00628;628;;Route des Grands Près;07340;07089;Félines;;;4.735943;45.315543
07089_0099_00280;280;;Route de Montvallier;07340;07089;Félines;;;4.722821;45.319733
07089_0100_00818;818;;Route du Pilat;07340;07089;Félines;;;4.732793;45.32309
07089_0107_00210;210;;Route de la Remise;07340;07089;Félines;;;4.744005;45.310195
07089_0003_00029;29;;Chemin Rural de la Boissonnat;07340;07089;Félines;;;4.727888;45.310058
07089_0026_00239;239;;Route de Larin le Haut;07340;07089;Félines;;;4.743855;45.30744
07089_0120_00157;157;;Rue de Vieron;07340;07089;Félines;;;4.73315;45.320365
07089_0113_00045;45;;Chemin de Pre Long;07340;07089;Félines;;;4.741125;45.324953
07089_0030_00122;122;;Rue du Moulin à Vent;07340;07089;Félines;;;4.730389;45.321796
07089_0030_00048;48;;Rue du Moulin à Vent;07340;07089;Félines;;;4.731433;45.321457
07089_tt7qww_00470;470;;Route de Dorore;07340;07089;Félines;;;4.722287;45.303468
07089_a001_00063;63;;Lot Sainte Blandine le Haut;07340;07089;Félines;;;4.724507;45.309859
07089_0122_00034;34;;Chemin du Vivier;07340;07089;Félines;;;4.740106;45.318867
07089_7e8qzt_00097;97;;Impasse de Brezon;07340;07089;Félines;;;4.733568;45.315546
07089_0030_00129;129;;Rue du Moulin à Vent;07340;07089;Félines;;;4.73008;45.321016
07089_0033_00024;24;;Place du 19 Mars 1962;07340;07089;Félines;;;4.728677;45.316378
07089_0026_00101;101;;Route de Larin le Haut;07340;07089;Félines;;;4.742468;45.308184
07089_tu4km7_00007;7;;Lotissement les Chataigniers;07340;07089;Félines;;;4.722489;45.318365
07089_0008_01549;1549;;Route du Chatelet;07340;07089;Félines;;;4.734195;45.305439
07089_x4ggdf_00068;68;;Chemin Rural du Clos;07340;07089;Félines;;;4.74542;45.305796
07089_0025_00494;494;;Route de Larin le Bas;07340;07089;Félines;;;4.746637;45.306402
07089_0012_00106;106;;Rue des Ecoles;07340;07089;Félines;;;4.727468;45.318028
07089_6d1mjg_00083;83;;Rue des Hermieres;07340;07089;Félines;;;4.74391;45.328072
07089_0020_01003;1003;;Route des Grands Près;07340;07089;Félines;;;4.738786;45.314012
07089_0099_00073;73;;Route de Montvallier;07340;07089;Félines;;;4.725039;45.318592
07089_0032_00064_b;64;b;Route de l’Olme;07340;07089;Félines;;;4.740309;45.31568
07089_0029_00589;589;;Route de Marquian;07340;07089;Félines;;;4.750755;45.317182
07089_9jb2br_00466;466;;Rue des Guillots;07340;07089;Félines;;;4.734832;45.317336
07089_0008_00396;396;;Route du Chatelet;07340;07089;Félines;;;4.726476;45.312728
07089_tt7qww_00430;430;;Route de Dorore;07340;07089;Félines;;;4.722622;45.303441
07089_0028_00541;541;;Rue des Milhots;07340;07089;Félines;;;4.72341;45.31681
07089_0008_00040;40;;Route du Chatelet;07340;07089;Félines;;;4.727988;45.316153
07089_0028_00285;285;;Rue des Milhots;07340;07089;Félines;;;4.726361;45.315722
07089_0015_01717;1717;;Rue du Fayet;07340;07089;Félines;;;4.708856;45.316819
07089_tu4km7_00004;4;;Lotissement les Chataigniers;07340;07089;Félines;;;4.721858;45.318535
07089_0099_00088;88;;Route de Montvallier;07340;07089;Félines;;;4.724857;45.319185
07089_0025_00183;183;;Route de Larin le Bas;07340;07089;Félines;;;4.747958;45.308067
07089_a002_00020;20;;Lot Sainte Blandine le Bas;07340;07089;Félines;;;4.727304;45.310773
07089_0107_00350;350;;Route de la Remise;07340;07089;Félines;;;4.745723;45.310744
07089_0020_00620;620;;Route des Grands Près;07340;07089;Félines;;;4.736754;45.31559
07089_0120_00009;9;;Rue de Vieron;07340;07089;Félines;;;4.731862;45.319486
07089_0105_00136;136;;Route de la Réatière;07340;07089;Félines;;;4.731348;45.324359
07089_0030_00099;99;;Rue du Moulin à Vent;07340;07089;Félines;;;4.730688;45.321082
07089_a002_00125;125;;Lot Sainte Blandine le Bas;07340;07089;Félines;;;4.726137;45.310036
07089_0002_01694;1694;;Chemin de Beauregard;07340;07089;Félines;;;4.707574;45.304453
07089_0095_00025;25;;Chemin de Comballa;07340;07089;Félines;;;4.727076;45.308965
07089_0107_00052;52;;Route de la Remise;07340;07089;Félines;;;4.742207;45.309555
07089_0018_00071;71;;Rue des Garottes;07340;07089;Félines;;;4.726012;45.316828
07089_0015_00406;406;;Rue du Fayet;07340;07089;Félines;;;4.722821;45.317951
07089_0095_00170;170;;Chemin de Comballa;07340;07089;Félines;;;4.725444;45.309225
07089_0020_00478;478;;Route des Grands Près;07340;07089;Félines;;;4.734601;45.316086
07089_0026_00097;97;;Route de Larin le Haut;07340;07089;Félines;;;4.742114;45.307927
07089_0096_00279;279;;Route de Maclas;07340;07089;Félines;;;4.739648;45.317284
07089_0032_00316;316;;Route de l’Olme;07340;07089;Félines;;;4.742684;45.315598
07089_0096_00495;495;;Route de Maclas;07340;07089;Félines;;;4.740587;45.319132
07089_9jb2br_00847;847;;Rue des Guillots;07340;07089;Félines;;;4.739102;45.319558
07089_0016_00540;540;;Route de Fontachard;07340;07089;Félines;;;4.746113;45.320277
07089_0101_00051;51;;Chemin Rural des Peyrieres;07340;07089;Félines;;;4.731488;45.322523
07089_0018_00074;74;;Rue des Garottes;07340;07089;Félines;;;4.725161;45.316828
07089_0006_00712;712;;Route de Brezon;07340;07089;Félines;;;4.733202;45.312304
07089_0033_00001;1;;Place du 19 Mars 1962;07340;07089;Félines;;;4.728718;45.316324
07089_bl6wo2_00009;9;;Zone Industrielle le Flacher;07340;07089;Félines;;;4.737113;45.305836
07089_0004_00091;91;;Rue des Berthois;07340;07089;Félines;;;4.727286;45.315772
07089_0011_00131;131;;Rue des Aurores;07340;07089;Félines;;;4.728866;45.318509
07089_0028_00543;543;;Rue des Milhots;07340;07089;Félines;;;4.723438;45.31713
07089_0026_00307;307;;Route de Larin le Haut;07340;07089;Félines;;;4.744671;45.307462
07089_0032_00314;314;;Route de l’Olme;07340;07089;Félines;;;4.742624;45.315733
07089_0017_00597;597;;Chemin Rural de Font Aube;07340;07089;Félines;;;4.745017;45.306136
07089_0015_00410;410;;Rue du Fayet;07340;07089;Félines;;;4.722466;45.318095
07089_0015_00394;394;;Rue du Fayet;07340;07089;Félines;;;4.723267;45.318562
07089_0110_00023;23;;Rue du Stade;07340;07089;Félines;;;4.729811;45.31684
07089_0008_00196;196;;Route du Chatelet;07340;07089;Félines;;;4.727994;45.314753
07089_0008_00070;70;;Route du Chatelet;07340;07089;Félines;;;4.728205;45.315947
07089_0010_00421_a;421;a;Route de Combalat;07340;07089;Félines;;;4.723389;45.310676
07089_0099_00139;139;;Route de Montvallier;07340;07089;Félines;;;4.72423;45.318416
07089_tu4km7_00011;11;;Lotissement les Chataigniers;07340;07089;Félines;;;4.722018;45.317902
07089_0103_00340_bis;340;bis;Route de Prost;07340;07089;Félines;;;4.745545;45.325899
07089_0026_00335;335;;Route de Larin le Haut;07340;07089;Félines;;;4.745027;45.3072
07089_0100_00078;78;;Route du Pilat;07340;07089;Félines;;;4.729072;45.317039
07089_9jb2br_00172;172;;Rue des Guillots;07340;07089;Félines;;;4.731247;45.317176
07089_0107_00302;302;;Route de la Remise;07340;07089;Félines;;;4.745091;45.309875
07089_0010_01596;1596;;Route de Combalat;07340;07089;Félines;;;4.711447;45.307963
07089_9jb2br_00001;1;;Rue des Guillots;07340;07089;Félines;;;4.729134;45.317342
07089_0006_00207;207;;Route de Brezon;07340;07089;Félines;;;4.731573;45.315843
07089_0015_03880;3880;;Rue du Fayet;07340;07089;Félines;;;4.685377;45.309354
07089_0031_00048;48;;Chemin Rural du Chateau du Mein;07340;07089;Félines;;;4.709512;45.318918
07089_0122_00024;24;;Chemin du Vivier;07340;07089;Félines;;;4.740235;45.318313
07089_0008_01017;1017;;Route du Chatelet;07340;07089;Félines;;;4.729489;45.307874
07089_0101_00114;114;;Chemin Rural des Peyrieres;07340;07089;Félines;;;4.731863;45.322938
07089_9jb2br_00924;924;;Rue des Guillots;07340;07089;Félines;;;4.739934;45.319127
07089_0015_00045;45;;Rue du Fayet;07340;07089;Félines;;;4.727707;45.316792
07089_0008_00773;773;;Route du Chatelet;07340;07089;Félines;;;4.729052;45.311131
07089_0105_00123;123;;Route de la Réatière;07340;07089;Félines;;;4.731098;45.323857
07089_0015_00495;495;;Rue du Fayet;07340;07089;Félines;;;4.72104;45.317487
07089_0111_00063;63;;Rue des Roisses;07340;07089;Félines;;;4.743643;45.327754
07089_0032_00420;420;;Route de l’Olme;07340;07089;Félines;;;4.743377;45.314958
07089_9jb2br_00134;134;;Rue des Guillots;07340;07089;Félines;;;4.730638;45.31717
07089_0107_00201;201;;Route de la Remise;07340;07089;Félines;;;4.743904;45.310318
07089_0016_00614;614;;Route de Fontachard;07340;07089;Félines;;;4.747238;45.321359
07089_0008_00402_bis;402;bis;Route du Chatelet;07340;07089;Félines;;;4.726822;45.312982
07089_0105_00155;155;;Route de la Réatière;07340;07089;Félines;;;4.730968;45.323633
07089_0120_00151;151;;Rue de Vieron;07340;07089;Félines;;;4.733084;45.320324
07089_0015_00082;82;;Rue du Fayet;07340;07089;Félines;;;4.727478;45.317052
07089_0105_00186;186;;Route de la Réatière;07340;07089;Félines;;;4.731485;45.324698
07089_0020_00624;624;;Route des Grands Près;07340;07089;Félines;;;4.736016;45.315676
07089_0020_00045;45;;Route des Grands Près;07340;07089;Félines;;;4.728952;45.316574
07089_0003_00216;216;;Chemin Rural de la Boissonnat;07340;07089;Félines;;;4.726856;45.308461
07089_0026_00037;37;;Route de Larin le Haut;07340;07089;Félines;;;4.741635;45.308184
07089_0032_00064;64;;Route de l’Olme;07340;07089;Félines;;;4.740152;45.316259
07089_0015_00001;1;;Rue du Fayet;07340;07089;Félines;;;4.728133;45.316456
07089_0107_00063;63;;Route de la Remise;07340;07089;Félines;;;4.740925;45.31092
07089_0006_00283;283;;Route de Brezon;07340;07089;Félines;;;4.732279;45.31544
07089_0016_00529;529;;Route de Fontachard;07340;07089;Félines;;;4.745165;45.321257
07089_0008_00101;101;;Route du Chatelet;07340;07089;Félines;;;4.72886;45.315755
07089_0025_00363;363;;Route de Larin le Bas;07340;07089;Félines;;;4.748184;45.30656
07089_0111_00061;61;;Rue des Roisses;07340;07089;Félines;;;4.743475;45.327618
07089_0103_00067;67;;Route de Prost;07340;07089;Félines;;;4.741357;45.327625
07089_0099_00437;437;;Route de Montvallier;07340;07089;Félines;;;4.720756;45.318796
07089_0096_01703;1703;;Route de Maclas;07340;07089;Félines;;;4.738996;45.328629
07089_6msvdn_00312;312;;Chemin des PI;07340;07089;Félines;;;4.726366;45.30384
07089_0003_00147;147;;Chemin Rural de la Boissonnat;07340;07089;Félines;;;4.727474;45.309192
07089_tu4km7_00001;1;;Lotissement les Chataigniers;07340;07089;Félines;;;4.722249;45.319104
07089_7e8qzt_00113;113;;Impasse de Brezon;07340;07089;Félines;;;4.734053;45.31519
07089_0095_00083;83;;Chemin de Comballa;07340;07089;Félines;;;4.726334;45.308771
07089_0027_00039;39;;Rue du Lavoir;07340;07089;Félines;;;4.72621;45.314718
07089_0030_00037;37;;Rue du Moulin à Vent;07340;07089;Félines;;;4.731587;45.320903
07089_0107_00045;45;;Route de la Remise;07340;07089;Félines;;;4.741515;45.310219
07089_0003_00162;162;;Chemin Rural de la Boissonnat;07340;07089;Félines;;;4.726085;45.30905
07089_0026_00099;99;;Route de Larin le Haut;07340;07089;Félines;;;4.742347;45.308107
07089_0102_00103;103;;Route de Peaugres;07340;07089;Félines;;;4.730731;45.305223
07089_0100_00820;820;;Route du Pilat;07340;07089;Félines;;;4.733196;45.323076
07089_0003_00071_lot 5;71;lot 5;Chemin Rural de la Boissonnat;07340;07089;Félines;;;4.728587;45.309861
07089_a001_00097;97;;Lot Sainte Blandine le Haut;07340;07089;Félines;;;4.72422;45.310185
07089_0096_00602;602;;Route de Maclas;07340;07089;Félines;;;4.740999;45.320162
07089_0107_00230;230;;Route de la Remise;07340;07089;Félines;;;4.744603;45.310089
07089_0016_00615;615;;Route de Fontachard;07340;07089;Félines;;;4.746527;45.320975
07089_0020_00250;250;;Route des Grands Près;07340;07089;Félines;;;4.731561;45.31647
07089_0015_00090;90;;Rue du Fayet;07340;07089;Félines;;;4.727451;45.317093
07089_86nj9h_00053;53;;Lotissement Bellevue Prost;07340;07089;Félines;;;4.741846;45.327889
07089_a002_00155;155;;Lot Sainte Blandine le Bas;07340;07089;Félines;;;4.725895;45.309876
07089_0017_00273;273;;Chemin Rural de Font Aube;07340;07089;Félines;;;4.741346;45.306801
07089_0103_00157;157;;Route de Prost;07340;07089;Félines;;;4.742861;45.327071
07089_0103_00338;338;;Route de Prost;07340;07089;Félines;;;4.7455;45.326308
07089_0018_00070;70;;Rue des Garottes;07340;07089;Félines;;;4.725183;45.316959
07089_tu4km7_00005;5;;Lotissement les Chataigniers;07340;07089;Félines;;;4.722434;45.318565
07089_86nj9h_00103;103;;Lotissement Bellevue Prost;07340;07089;Félines;;;4.741956;45.327553
07089_8asz48_00015;15;;Rue du Levant;07340;07089;Félines;;;4.729668;45.317925
07089_0003_00151;151;;Chemin Rural de la Boissonnat;07340;07089;Félines;;;4.727923;45.309147
07089_0026_00163;163;;Route de Larin le Haut;07340;07089;Félines;;;4.742829;45.307528
07089_0118_00092;92;;Rue du Sordeau;07340;07089;Félines;;;4.728754;45.317848
07089_0017_00401;401;;Chemin Rural de Font Aube;07340;07089;Félines;;;4.742558;45.30652
07089_0010_01350;1350;;Route de Combalat;07340;07089;Félines;;;4.71524;45.308545
07089_7e8qzt_00214;214;;Impasse de Brezon;07340;07089;Félines;;;4.735237;45.315233
07089_a002_00183;183;;Lot Sainte Blandine le Bas;07340;07089;Félines;;;4.725452;45.309876
07089_a002_00201;201;;Lot Sainte Blandine le Bas;07340;07089;Félines;;;4.725174;45.309948
07089_0003_00154;154;;Chemin Rural de la Boissonnat;07340;07089;Félines;;;4.726381;45.309305
07089_a7418w_00034;34;;Impasse du Couchant;07340;07089;Félines;;;4.728633;45.319157
07089_0010_00529;529;;Route de Combalat;07340;07089;Félines;;;4.723268;45.310215
07089_0103_00162;162;;Route de Prost;07340;07089;Félines;;;4.742555;45.326884
07089_bl6wo2_00003;3;;Zone Industrielle le Flacher;07340;07089;Félines;;;4.739309;45.307523
07089_0011_00137;137;;Rue des Aurores;07340;07089;Félines;;;4.728459;45.318599
07089_b046_00186;186;;Montagne de Sainte Blandin;07340;07089;Félines;;;4.725094;45.30956
07089_0108_00946;946;;Route des Reynauds;07340;07089;Félines;;;4.707702;45.317767
07089_0006_00032;32;;Route de Brezon;07340;07089;Félines;;;4.729277;45.316255
07089_0030_00118;118;;Rue du Moulin à Vent;07340;07089;Félines;;;4.730792;45.322027
07089_0108_00858;858;;Route des Reynauds;07340;07089;Félines;;;4.708444;45.318359
07089_0105_00154;154;;Route de la Réatière;07340;07089;Félines;;;4.73155;45.324421
07089_0003_00071_lot 3;71;lot 3;Chemin Rural de la Boissonnat;07340;07089;Félines;;;4.728188;45.309721
07089_0096_01821;1821;;Route de Maclas;07340;07089;Félines;;;4.737828;45.328713
07089_a001_00071;71;;Lot Sainte Blandine le Haut;07340;07089;Félines;;;4.724235;45.309909
07089_0107_00115;115;;Route de la Remise;07340;07089;Félines;;;4.743099;45.31014
07089_0112_00106;106;;Chemin de Terre Longue;07340;07089;Félines;;;4.710685;45.30839
07089_0003_00160;160;;Chemin Rural de la Boissonnat;07340;07089;Félines;;;4.726251;45.309111
07089_0008_00347;347;;Route du Chatelet;07340;07089;Félines;;;4.729669;45.312898
07089_0095_00160;160;;Chemin de Comballa;07340;07089;Félines;;;4.725185;45.308613
07089_0002_00020;20;;Chemin de Beauregard;07340;07089;Félines;;;4.709725;45.308054
07089_0026_00400;400;;Route de Larin le Haut;07340;07089;Félines;;;4.74483;45.306612
07089_o5rtrd_00151;151;;Zone Artisanale Le Lac;07340;07089;Félines;;;4.740761;45.310576
07089_0030_00124;124;;Rue du Moulin à Vent;07340;07089;Félines;;;4.730559;45.321976
07089_0099_00002;2;;Route de Montvallier;07340;07089;Félines;;;4.726789;45.317761
07089_0010_00375;375;;Route de Combalat;07340;07089;Félines;;;4.723882;45.311389
07089_0100_00997;997;;Route du Pilat;07340;07089;Félines;;;4.732487;45.324708
07089_7e8qzt_00111;111;;Impasse de Brezon;07340;07089;Félines;;;4.733922;45.315406
07089_0120_00240;240;;Rue de Vieron;07340;07089;Félines;;;4.73387;45.320458
07089_0020_00390;390;;Route des Grands Près;07340;07089;Félines;;;4.733302;45.316457
07089_0010_00421_b;421;b;Route de Combalat;07340;07089;Félines;;;4.723603;45.310443
07089_tu4km7_00009;9;;Lotissement les Chataigniers;07340;07089;Félines;;;4.722143;45.318241
07089_0032_00064_a;64;a;Route de l’Olme;07340;07089;Félines;;;4.740445;45.316113
07089_0108_00829;829;;Route des Reynauds;07340;07089;Félines;;;4.709073;45.318232
07089_pz3q6n_00131;131;;Impasse de Larneve;07340;07089;Félines;;;4.725418;45.308885
07089_0096_00903;903;;Route de Maclas;07340;07089;Félines;;;4.739435;45.322628
07089_0027_00265;265;;Rue du Lavoir;07340;07089;Félines;;;4.727515;45.314115
07089_0008_00392;392;;Route du Chatelet;07340;07089;Félines;;;4.726545;45.313676
07089_0028_00317;317;;Rue des Milhots;07340;07089;Félines;;;4.726394;45.315924
07089_0020_00516;516;;Route des Grands Près;07340;07089;Félines;;;4.735235;45.316082
07089_ecbue3_00398;398;;route des PI;07340;07089;Félines;;;4.723926;45.303462
07089_0107_00269;269;;Route de la Remise;07340;07089;Félines;;;4.74474;45.310591
07089_bl6wo2_00118;118;;Zone Industrielle le Flacher;07340;07089;Félines;;;4.739086;45.308345
07089_86nj9h_00085;85;;Lotissement Bellevue Prost;07340;07089;Félines;;;4.742497;45.327663
07089_9jb2br_00810;810;;Rue des Guillots;07340;07089;Félines;;;4.738864;45.318703
07089_0105_00017;17;;Route de la Réatière;07340;07089;Félines;;;4.732331;45.323712
07089_0010_01356;1356;;Route de Combalat;07340;07089;Félines;;;4.714471;45.308512
07089_a5rxhu_00083;83;;Impasse du Lac;07340;07089;Félines;;;4.742013;45.310405
07089_0008_00993;993;;Route du Chatelet;07340;07089;Félines;;;4.729538;45.308131
07089_0010_00983;983;;Route de Combalat;07340;07089;Félines;;;4.7192;45.308622
07089_0003_00166;166;;Chemin Rural de la Boissonnat;07340;07089;Félines;;;4.72594;45.308988
07089_0015_00100;100;;Rue du Fayet;07340;07089;Félines;;;4.72722;45.317198
07089_0008_00384;384;;Route du Chatelet;07340;07089;Félines;;;4.727588;45.313112
07089_0015_00575;575;;Rue du Fayet;07340;07089;Félines;;;4.720933;45.317244
07089_0020_00909;909;;Route des Grands Près;07340;07089;Félines;;;4.739026;45.314616
07089_0095_00146;146;;Chemin de Comballa;07340;07089;Félines;;;4.725635;45.308953
07089_a002_00298;298;;Lot Sainte Blandine le Bas;07340;07089;Félines;;;4.725749;45.310857
07089_0096_01783;1783;;Route de Maclas;07340;07089;Félines;;;4.737972;45.328885
07089_bl6wo2_00001;1;;Zone Industrielle le Flacher;07340;07089;Félines;;;4.739737;45.307872
07089_8asz48_00025;25;;Rue du Levant;07340;07089;Félines;;;4.729778;45.318185
07089_0008_00877;877;;Route du Chatelet;07340;07089;Félines;;;4.729549;45.309156
07089_0008_01514;1514;;Route du Chatelet;07340;07089;Félines;;;4.733453;45.305147
07089_0028_00073;73;;Rue des Milhots;07340;07089;Félines;;;4.727902;45.315494
07089_b046_00188;188;;Montagne de Sainte Blandin;07340;07089;Félines;;;4.724755;45.309591
07089_pz3q6n_00210;210;;Impasse de Larneve;07340;07089;Félines;;;4.72478;45.309116
07089_bl6wo2_00007_bis;7;bis;Zone Industrielle le Flacher;07340;07089;Félines;;;4.73744;45.306145
07089_0006_00786;786;;Route de Brezon;07340;07089;Félines;;;4.732593;45.312488
07089_0010_00130;130;;Route de Combalat;07340;07089;Félines;;;4.726028;45.312386
07089_a001_00104;104;;Lot Sainte Blandine le Haut;07340;07089;Félines;;;4.724462;45.31023
07089_a001_00060;60;;Lot Sainte Blandine le Haut;07340;07089;Félines;;;4.724545;45.310053
07089_0028_00099;99;;Rue des Milhots;07340;07089;Félines;;;4.727702;45.315242
07089_0101_00077;77;;Chemin Rural des Peyrieres;07340;07089;Félines;;;4.731321;45.322816
07089_0010_01130;1130;;Route de Combalat;07340;07089;Félines;;;4.716973;45.307796
07089_0003_00142;142;;Chemin Rural de la Boissonnat;07340;07089;Félines;;;4.727053;45.309408
07089_0107_00057;57;;Route de la Remise;07340;07089;Félines;;;4.741149;45.31072
07089_0030_00114;114;;Rue du Moulin à Vent;07340;07089;Félines;;;4.730796;45.321653
07089_0010_00108;108;;Route de Combalat;07340;07089;Félines;;;4.726665;45.311554
07089_0098_00043;43;;Route de la Maze;07340;07089;Félines;;;4.725721;45.319141
07089_0027_00263;263;;Rue du Lavoir;07340;07089;Félines;;;4.727403;45.314179
07089_0107_00284;284;;Route de la Remise;07340;07089;Félines;;;4.744505;45.310368
07089_0023_00187;187;;Rue de Labe;07340;07089;Félines;;;4.744185;45.325539
07089_0015_00120;120;;Rue du Fayet;07340;07089;Félines;;;4.727072;45.317282
07089_a5rxhu_00087;87;;Impasse du Lac;07340;07089;Félines;;;4.741967;45.310543
07089_0107_00087;87;;Route de la Remise;07340;07089;Félines;;;4.742373;45.310387
07089_0010_00625;625;;Route de Combalat;07340;07089;Félines;;;4.722672;45.309375
07089_0015_00384;384;;Rue du Fayet;07340;07089;Félines;;;4.723304;45.318286
07089_0008_01462;1462;;Route du Chatelet;07340;07089;Félines;;;4.73259;45.305428
07089_0032_00024;24;;Route de l’Olme;07340;07089;Félines;;;4.739641;45.316252
07089_a001_00033;33;;Lot Sainte Blandine le Haut;07340;07089;Félines;;;4.72497;45.310062
07089_0006_00331;331;;Route de Brezon;07340;07089;Félines;;;4.732761;45.315219
07089_0100_00942;942;;Route du Pilat;07340;07089;Félines;;;4.733049;45.323733
07089_0026_00122;122;;Route de Larin le Haut;07340;07089;Félines;;;4.742066;45.307424
07089_0099_00350;350;;Route de Montvallier;07340;07089;Félines;;;4.721971;45.319439
07089_0028_00264;264;;Rue des Milhots;07340;07089;Félines;;;4.726582;45.315589
07089_0101_00107;107;;Chemin Rural des Peyrieres;07340;07089;Félines;;;4.730425;45.322263
07089_0006_00288;288;;Route de Brezon;07340;07089;Félines;;;4.732257;45.3153
07089_bl6wo2_00002_ter;2;ter;Zone Industrielle le Flacher;07340;07089;Félines;;;4.737879;45.30765
07089_0004_00020;20;;Rue des Berthois;07340;07089;Félines;;;4.728013;45.316335
07089_0112_00005;5;;Chemin de Terre Longue;07340;07089;Félines;;;4.710387;45.307642
07089_0099_00045;45;;Route de Montvallier;07340;07089;Félines;;;4.72533;45.318785
07089_0099_00173;173;;Route de Montvallier;07340;07089;Félines;;;4.723642;45.318619
07089_0099_00141;141;;Route de Montvallier;07340;07089;Félines;;;4.723748;45.318358
07089_0015_00390;390;;Rue du Fayet;07340;07089;Félines;;;4.723244;45.319029
07089_0004_00054;54;;Rue des Berthois;07340;07089;Félines;;;4.727559;45.3162
07089_s5tw1p_00071;71;;La Remise;07340;07089;Félines;;;4.740357;45.308938
07089_a001_00069;69;;Lot Sainte Blandine le Haut;07340;07089;Félines;;;4.724247;45.309786
07089_0110_00028;28;;Rue du Stade;07340;07089;Félines;;;4.73004;45.31684
07089_0109_00015;15;;Passage du Sordeau;07340;07089;Félines;;;4.728216;45.317797
07089_0009_00031;31;;Chemin Rural les Bourras;07340;07089;Félines;;;4.732978;45.321779
07089_b087_00082;82;;Vignes Maures;07340;07089;Félines;;;4.746585;45.310238
07089_0096_00206;206;;Route de Maclas;07340;07089;Félines;;;4.739892;45.316694
07089_0096_00393;393;;Route de Maclas;07340;07089;Félines;;;4.738891;45.317587
07089_0026_00210;210;;Route de Larin le Haut;07340;07089;Félines;;;4.743502;45.306857
07089_0107_00294;294;;Route de la Remise;07340;07089;Félines;;;4.745036;45.310522
07089_0100_00062;62;;Route du Pilat;07340;07089;Félines;;;4.728832;45.317061
07089_0020_00005;5;;Route des Grands Près;07340;07089;Félines;;;4.72838;45.316577
07089_0100_00592;592;;Route du Pilat;07340;07089;Félines;;;4.731979;45.320686
07089_0010_00973;973;;Route de Combalat;07340;07089;Félines;;;4.719307;45.308061
07089_0099_00225;225;;Route de Montvallier;07340;07089;Félines;;;4.724059;45.31984
07089_0026_00009;9;;Route de Larin le Haut;07340;07089;Félines;;;4.742517;45.308618
07089_0111_00130;130;;Rue des Roisses;07340;07089;Félines;;;4.744353;45.327016
07089_0003_00201;201;;Chemin Rural de la Boissonnat;07340;07089;Félines;;;4.728154;45.308379
07089_0099_00222;222;;Route de Montvallier;07340;07089;Félines;;;4.723645;45.319803
07089_a002_00304;304;;Lot Sainte Blandine le Bas;07340;07089;Félines;;;4.725724;45.310927
07089_0007_00035;35;;Rue du Calvaire;07340;07089;Félines;;;4.729083;45.307747
07089_9jb2br_00018;18;;Rue des Guillots;07340;07089;Félines;;;4.729223;45.317251
07089_0120_00110;110;;Rue de Vieron;07340;07089;Félines;;;4.732813;45.319787
07089_0025_00311;311;;Route de Larin le Bas;07340;07089;Félines;;;4.748688;45.307076
07089_0010_00152;152;;Route de Combalat;07340;07089;Félines;;;4.726253;45.311632
07089_0120_00434;434;;Rue de Vieron;07340;07089;Félines;;;4.733886;45.318688
07089_a002_00342;342;;Lot Sainte Blandine le Bas;07340;07089;Félines;;;4.725646;45.31104
07089_0027_00009;9;;Rue du Lavoir;07340;07089;Félines;;;4.726324;45.314993
07089_0006_00663;663;;Route de Brezon;07340;07089;Félines;;;4.733953;45.312122
07089_0008_00264;264;;Route du Chatelet;07340;07089;Félines;;;4.727693;45.314383
07089_0099_00220;220;;Route de Montvallier;07340;07089;Félines;;;4.723937;45.319599
07089_bl6wo2_00002;2;;Zone Industrielle le Flacher;07340;07089;Félines;;;4.738352;45.30765
07089_0010_00975;975;;Route de Combalat;07340;07089;Félines;;;4.719095;45.308085
07089_0026_00067;67;;Route de Larin le Haut;07340;07089;Félines;;;4.741811;45.308045
07089_9jb2br_00935;935;;Rue des Guillots;07340;07089;Félines;;;4.740045;45.319248
07089_0003_00146;146;;Chemin Rural de la Boissonnat;07340;07089;Félines;;;4.726904;45.309391
07089_0010_00998;998;;Route de Combalat;07340;07089;Félines;;;4.717537;45.309181
07089_0099_00015;15;;Route de Montvallier;07340;07089;Félines;;;4.724809;45.318447
07089_0015_00392;392;;Rue du Fayet;07340;07089;Félines;;;4.723246;45.318772
07089_0018_00023;23;;Rue des Garottes;07340;07089;Félines;;;4.725738;45.317078
07089_0107_00336;336;;Route de la Remise;07340;07089;Félines;;;4.745513;45.310666
07089_0099_00133;133;;Route de Montvallier;07340;07089;Félines;;;4.724756;45.318918
07089_9jb2br_00917;917;;Rue des Guillots;07340;07089;Félines;;;4.739784;45.319169
07089_0099_00298;298;;Route de Montvallier;07340;07089;Félines;;;4.722449;45.319531
07089_a5rxhu_00043;43;;Impasse du Lac;07340;07089;Félines;;;4.742124;45.310045
07089_qoaks3_00023;23;;Impasse du Levant;07340;07089;Félines;;;4.729137;45.318609
07089_0026_00160;160;;Route de Larin le Haut;07340;07089;Félines;;;4.74265;45.307347
07089_0107_00356;356;;Route de la Remise;07340;07089;Félines;;;4.746003;45.310342
07089_0020_00015;15;;Route des Grands Près;07340;07089;Félines;;;4.728478;45.316533
07089_0099_00226;226;;Route de Montvallier;07340;07089;Félines;;;4.724446;45.319856
07089_0026_00459;459;;Route de Larin le Haut;07340;07089;Félines;;;4.745392;45.306441
07089_0008_00028;28;;Route du Chatelet;07340;07089;Félines;;;4.728233;45.316229
07089_9jb2br_00161;161;;Rue des Guillots;07340;07089;Félines;;;4.731038;45.317303
07089_0101_00052;52;;Chemin Rural des Peyrieres;07340;07089;Félines;;;4.731985;45.32279
07089_0027_00107;107;;Rue du Lavoir;07340;07089;Félines;;;4.725723;45.314203
07089_0012_00027;27;;Rue des Ecoles;07340;07089;Félines;;;4.72816;45.317556
07089_0006_00609;609;;Route de Brezon;07340;07089;Félines;;;4.733953;45.312738
07089_0111_00054;54;;Rue des Roisses;07340;07089;Félines;;;4.743412;45.327244
07089_a001_00183;183;;Lot Sainte Blandine le Haut;07340;07089;Félines;;;4.723886;45.310921
07089_0008_00448;448;;Route du Chatelet;07340;07089;Félines;;;4.727701;45.312517
07089_0096_00508;508;;Route de Maclas;07340;07089;Félines;;;4.740927;45.319315
07089_7e8qzt_00115;115;;Impasse de Brezon;07340;07089;Félines;;;4.734582;45.315386
07089_0007_00076;76;;Rue du Calvaire;07340;07089;Félines;;;4.728398;45.307588
07089_0012_00010;10;;Rue des Ecoles;07340;07089;Félines;;;4.72848;45.317631
07089_0025_00360;360;;Route de Larin le Bas;07340;07089;Félines;;;4.748704;45.306404
07089_0026_00048;48;;Route de Larin le Haut;07340;07089;Félines;;;4.741484;45.308019
07089_0102_00188;188;;Route de Peaugres;07340;07089;Félines;;;4.729912;45.304605
07089_a002_00029;29;;Lot Sainte Blandine le Bas;07340;07089;Félines;;;4.72698;45.310502
07089_0016_00530;530;;Route de Fontachard;07340;07089;Félines;;;4.745572;45.32043
07089_9jb2br_00833;833;;Rue des Guillots;07340;07089;Félines;;;4.739539;45.319173
07089_0010_00358;358;;Route de Combalat;07340;07089;Félines;;;4.723562;45.311622
07089_6d1mjg_00081;81;;Rue des Hermieres;07340;07089;Félines;;;4.74419;45.32794
07089_0103_00137;137;;Route de Prost;07340;07089;Félines;;;4.743159;45.326918
07089_0099_00131;131;;Route de Montvallier;07340;07089;Félines;;;4.724354;45.318953
07089_0095_00162;162;;Chemin de Comballa;07340;07089;Félines;;;4.725528;45.309077
07089_0026_00123;123;;Route de Larin le Haut;07340;07089;Félines;;;4.742951;45.30825
07089_0003_00200_bis;200;bis;Chemin Rural de la Boissonnat;07340;07089;Félines;;;4.727877;45.30846
07089_0096_01695;1695;;Route de Maclas;07340;07089;Félines;;;4.73926;45.328595
07089_0103_00352;352;;Route de Prost;07340;07089;Félines;;;4.745706;45.325492
07089_0020_00394;394;;Route des Grands Près;07340;07089;Félines;;;4.733348;45.315913
07089_0110_00154;154;;Rue du Stade;07340;07089;Félines;;;4.730731;45.317845
07089_x4ggdf_00015;15;;Chemin Rural du Clos;07340;07089;Félines;;;4.746134;45.305822
07089_0003_00158;158;;Chemin Rural de la Boissonnat;07340;07089;Félines;;;4.72621;45.309261
07089_0107_00215;215;;Route de la Remise;07340;07089;Félines;;;4.744095;45.31037
07089_0004_00051;51;;Rue des Berthois;07340;07089;Félines;;;4.727634;45.316121
07089_0020_00941;941;;Route des Grands Près;07340;07089;Félines;;;4.739371;45.315268
07089_0107_00049;49;;Route de la Remise;07340;07089;Félines;;;4.741436;45.310378
07089_0026_00166;166;;Route de Larin le Haut;07340;07089;Félines;;;4.742372;45.307128
07089_0003_00148;148;;Chemin Rural de la Boissonnat;07340;07089;Félines;;;4.726684;45.309181
07089_0026_00487;487;;Route de Larin le Haut;07340;07089;Félines;;;4.745991;45.306529
07089_0028_00451;451;;Rue des Milhots;07340;07089;Félines;;;4.725049;45.316471
07089_9jb2br_00775;775;;Rue des Guillots;07340;07089;Félines;;;4.738446;45.318482
07089_0032_00645;645;;Route de l’Olme;07340;07089;Félines;;;4.745626;45.313667
07089_0008_00404;404;;Route du Chatelet;07340;07089;Félines;;;4.727311;45.313021
07089_0008_00948;948;;Route du Chatelet;07340;07089;Félines;;;4.728959;45.308753
07089_a002_00171;171;;Lot Sainte Blandine le Bas;07340;07089;Félines;;;4.725676;45.309853
07089_0095_00087;87;;Chemin de Comballa;07340;07089;Félines;;;4.726179;45.308741
07089_0003_00238;238;;Chemin Rural de la Boissonnat;07340;07089;Félines;;;4.72702;45.308765
07089_6msvdn_00310;310;;Chemin des PI;07340;07089;Félines;;;4.725947;45.303581
07089_0003_00184;184;;Chemin Rural de la Boissonnat;07340;07089;Félines;;;4.725912;45.309488
07089_0028_00174;174;;Rue des Milhots;07340;07089;Félines;;;4.726843;45.315164
07089_0029_00180;180;;Route de Marquian;07340;07089;Félines;;;4.745973;45.315617
07089_0026_00126;126;;Route de Larin le Haut;07340;07089;Félines;;;4.741731;45.307294
07089_0020_00513;513;;Route des Grands Près;07340;07089;Félines;;;4.734914;45.316626
07089_a001_00140;140;;Lot Sainte Blandine le Haut;07340;07089;Félines;;;4.724242;45.310598
07089_0096_00484;484;;Route de Maclas;07340;07089;Félines;;;4.741392;45.319023
07089_0099_00025;25;;Route de Montvallier;07340;07089;Félines;;;4.726319;45.318299
07089_0099_00144;144;;Route de Montvallier;07340;07089;Félines;;;4.724395;45.319339
07089_0030_00012;12;;Rue du Moulin à Vent;07340;07089;Félines;;;4.731893;45.321333
07089_0023_00185;185;;Rue de Labe;07340;07089;Félines;;;4.744323;45.325571
07089_pz3q6n_00205;205;;Impasse de Larneve;07340;07089;Félines;;;4.725251;45.309019
07089_0003_00011;11;;Chemin Rural de la Boissonnat;07340;07089;Félines;;;4.727624;45.310452
07089_0020_00423;423;;Route des Grands Près;07340;07089;Félines;;;4.733716;45.316608
07089_a5rxhu_00047;47;;Impasse du Lac;07340;07089;Félines;;;4.742077;45.310189
07089_0009_00042;42;;Chemin Rural les Bourras;07340;07089;Félines;;;4.732535;45.321498
07089_0029_00672;672;;Route de Marquian;07340;07089;Félines;;;4.751689;45.317252
07089_0101_00101;101;;Chemin Rural des Peyrieres;07340;07089;Félines;;;4.730785;45.322204
07089_0010_00627;627;;Route de Combalat;07340;07089;Félines;;;4.722918;45.309391
07089_9jb2br_00796;796;;Rue des Guillots;07340;07089;Félines;;;4.738743;45.318567
07089_0112_00047;47;;Chemin de Terre Longue;07340;07089;Félines;;;4.710769;45.307955
07089_0020_00518;518;;Route des Grands Près;07340;07089;Félines;;;4.735053;45.316468
07089_0099_00411;411;;Route de Montvallier;07340;07089;Félines;;;4.721199;45.318934
07089_0100_00563;563;;Route du Pilat;07340;07089;Félines;;;4.731393;45.320451
07089_86nj9h_00031;31;;Lotissement Bellevue Prost;07340;07089;Félines;;;4.741546;45.327859
07089_0100_00993;993;;Route du Pilat;07340;07089;Félines;;;4.73284;45.324363
07089_0026_00511;511;;Route de Larin le Haut;07340;07089;Félines;;;4.746248;45.306308
07089_0011_00106;106;;Rue des Aurores;07340;07089;Félines;;;4.728679;45.318897
07089_0105_00200;200;;Route de la Réatière;07340;07089;Félines;;;4.731535;45.324859
07089_86nj9h_00095;95;;Lotissement Bellevue Prost;07340;07089;Félines;;;4.742261;45.327501
07089_9jb2br_00833_bis;833;bis;Rue des Guillots;07340;07089;Félines;;;4.739334;45.319266
07089_0103_00138;138;;Route de Prost;07340;07089;Félines;;;4.742585;45.327086
07089_0006_00659;659;;Route de Brezon;07340;07089;Félines;;;4.734267;45.31215
07089_0016_00515;515;;Route de Fontachard;07340;07089;Félines;;;4.746075;45.320755
07089_0107_00043;43;;Route de la Remise;07340;07089;Félines;;;4.741639;45.310123
07089_0020_00929;929;;Route des Grands Près;07340;07089;Félines;;;4.739189;45.314892
07089_9jb2br_00734;734;;Rue des Guillots;07340;07089;Félines;;;4.738097;45.318247
07089_0028_00097;97;;Rue des Milhots;07340;07089;Félines;;;4.72754;45.315319
07089_a002_00232;232;;Lot Sainte Blandine le Bas;07340;07089;Félines;;;4.725529;45.310327
07089_0023_00061;61;;Rue de Labe;07340;07089;Félines;;;4.744622;45.326366
07089_0106_00030;30;;Impasse du Puits Fauvet;07340;07089;Félines;;;4.728921;45.316796
07089_0017_00175;175;;Chemin Rural de Font Aube;07340;07089;Félines;;;4.74063;45.306737
07089_0004_00074;74;;Rue des Berthois;07340;07089;Félines;;;4.727386;45.315988
07089_9jb2br_00410;410;;Rue des Guillots;07340;07089;Félines;;;4.734094;45.31742
07089_bl6wo2_00011;11;;Zone Industrielle le Flacher;07340;07089;Félines;;;4.735954;45.305607
07089_0020_00445;445;;Route des Grands Près;07340;07089;Félines;;;4.734041;45.316621
07089_0020_00622;622;;Route des Grands Près;07340;07089;Félines;;;4.736358;45.315573
07089_tu4km7_00003;3;;Lotissement les Chataigniers;07340;07089;Félines;;;4.722328;45.318878
07089_0098_00161;161;;Route de la Maze;07340;07089;Félines;;;4.724853;45.320396
07089_0030_00116;116;;Rue du Moulin à Vent;07340;07089;Félines;;;4.730789;45.321847
07089_bl6wo2_00003_bis;3;bis;Zone Industrielle le Flacher;07340;07089;Félines;;;4.739568;45.307341
07089_ts59zu_00049;49;;Chemin Le Débat;07340;07089;Félines;;;4.721806;45.319744
07089_0004_00015;15;;Rue des Berthois;07340;07089;Félines;;;4.727729;45.316143
07089_0103_00050;50;;Route de Prost;07340;07089;Félines;;;4.742221;45.326944
07089_0003_00072;72;;Chemin Rural de la Boissonnat;07340;07089;Félines;;;4.727303;45.3098
07089_0099_00285;285;;Route de Montvallier;07340;07089;Félines;;;4.722881;45.319355
07089_0015_00388;388;;Rue du Fayet;07340;07089;Félines;;;4.722897;45.318787
07089_0025_00270;270;;Route de Larin le Bas;07340;07089;Félines;;;4.747595;45.307254
07089_0025_00145;145;;Route de Larin le Bas;07340;07089;Félines;;;4.74721;45.308272
07089_0013_00001;1;;Rue de l’Eglise;07340;07089;Félines;;;4.728257;45.31697
07089_0016_00676;676;;Route de Fontachard;07340;07089;Félines;;;4.747314;45.320793
07089_0100_00343;343;;Route du Pilat;07340;07089;Félines;;;4.73093;45.318676
07089_0101_00156;156;;Chemin Rural des Peyrieres;07340;07089;Félines;;;4.731552;45.323172
07089_9jb2br_00089;89;;Rue des Guillots;07340;07089;Félines;;;4.730187;45.317312
07089_0020_00476;476;;Route des Grands Près;07340;07089;Félines;;;4.734638;45.315949
07089_0008_00390;390;;Route du Chatelet;07340;07089;Félines;;;4.726681;45.313321
07089_0023_00080;80;;Rue de Labe;07340;07089;Félines;;;4.744368;45.32639
07089_0016_00495;495;;Route de Fontachard;07340;07089;Félines;;;4.746027;45.321237
07089_0003_00138;138;;Chemin Rural de la Boissonnat;07340;07089;Félines;;;4.727204;45.309412
07089_0003_00150;150;;Chemin Rural de la Boissonnat;07340;07089;Félines;;;4.726726;45.309356
07089_0107_00035;35;;Route de la Remise;07340;07089;Félines;;;4.742015;45.309722
07089_tu4km7_00008;8;;Lotissement les Chataigniers;07340;07089;Félines;;;4.721194;45.318442
07089_0111_00160;160;;Rue des Roisses;07340;07089;Félines;;;4.745349;45.326979
07089_0003_00144;144;;Chemin Rural de la Boissonnat;07340;07089;Félines;;;4.726928;45.309213
07089_0015_00102;102;;Rue du Fayet;07340;07089;Félines;;;4.7273;45.317177
07089_0006_00713;713;;Route de Brezon;07340;07089;Félines;;;4.733326;45.312016
07089_0017_00555;555;;Chemin Rural de Font Aube;07340;07089;Félines;;;4.744855;45.306458
07089_0120_00282;282;;Rue de Vieron;07340;07089;Félines;;;4.734115;45.320123
07089_0004_00073;73;;Rue des Berthois;07340;07089;Félines;;;4.727557;45.316023
07089_0107_00258;258;;Route de la Remise;07340;07089;Félines;;;4.744668;45.309877
07089_0004_00085;85;;Rue des Berthois;07340;07089;Félines;;;4.72749;45.315886
07089_0015_00032;32;;Rue du Fayet;07340;07089;Félines;;;4.727979;45.316668
07089_0025_00196;196;;Route de Larin le Bas;07340;07089;Félines;;;4.747496;45.307689
07089_0107_00248;248;;Route de la Remise;07340;07089;Félines;;;4.744743;45.3101
07089_0107_00039;39;;Route de la Remise;07340;07089;Félines;;;4.741766;45.31001
07089_0002_00150;150;;Chemin de Beauregard;07340;07089;Félines;;;4.709112;45.308051
07089_0095_00039;39;;Chemin de Comballa;07340;07089;Félines;;;4.726872;45.308922
07089_0030_00120;120;;Rue du Moulin à Vent;07340;07089;Félines;;;4.730461;45.321436
07089_0096_01424;1424;;Route de Maclas;07340;07089;Félines;;;4.7414;45.326751
07089_0006_00249;249;;Route de Brezon;07340;07089;Félines;;;4.73206;45.315624
07089_0103_00253;253;;Route de Prost;07340;07089;Félines;;;4.742712;45.32602
07089_0003_00071_lot 2;71;lot 2;Chemin Rural de la Boissonnat;07340;07089;Félines;;;4.727878;45.309742
07089_86nj9h_00039;39;;Lotissement Bellevue Prost;07340;07089;Félines;;;4.741506;45.328077
07089_0102_00128;128;;Route de Peaugres;07340;07089;Félines;;;4.730371;45.305087
07089_0108_00725;725;;Route des Reynauds;07340;07089;Félines;;;4.710109;45.318105
07089_0096_00505;505;;Route de Maclas;07340;07089;Félines;;;4.740567;45.319194
07089_7e8qzt_00155;155;;Impasse de Brezon;07340;07089;Félines;;;4.734675;45.315729
07089_bl6wo2_00013;13;;Zone Industrielle le Flacher;07340;07089;Félines;;;4.7353;45.30529
07089_0099_00135;135;;Route de Montvallier;07340;07089;Félines;;;4.724687;45.318706
07089_0103_00038;38;;Route de Prost;07340;07089;Félines;;;4.741786;45.327063
07089_6d1mjg_00085;85;;Rue des Hermieres;07340;07089;Félines;;;4.743429;45.328115
07089_0025_00361;361;;Route de Larin le Bas;07340;07089;Félines;;;4.74841;45.306397
07089_0010_01067;1067;;Route de Combalat;07340;07089;Félines;;;4.718124;45.308213
07089_0096_01051;1051;;Route de Maclas;07340;07089;Félines;;;4.740383;45.323747
07089_bl6wo2_00007;7;;Zone Industrielle le Flacher;07340;07089;Félines;;;4.738059;45.305725
07089_pz3q6n_00188;188;;Impasse de Larneve;07340;07089;Félines;;;4.725117;45.309206
07089_0026_00460;460;;Route de Larin le Haut;07340;07089;Félines;;;4.745387;45.306174
07089_0003_00176;176;;Chemin Rural de la Boissonnat;07340;07089;Félines;;;4.726578;45.309881
07089_0020_00474;474;;Route des Grands Près;07340;07089;Félines;;;4.734392;45.316429
07089_0101_00081;81;;Chemin Rural des Peyrieres;07340;07089;Félines;;;4.730888;45.322587
07089_0096_00961;961;;Route de Maclas;07340;07089;Félines;;;4.739819;45.323196
07089_0006_00774;774;;Route de Brezon;07340;07089;Félines;;;4.733007;45.312586
07089_0007_00060;60;;Rue du Calvaire;07340;07089;Félines;;;4.728787;45.3077
07089_0099_00215;215;;Route de Montvallier;07340;07089;Félines;;;4.723305;45.319529
07089_a002_00030;30;;Lot Sainte Blandine le Bas;07340;07089;Félines;;;4.72663;45.311261
07089_0103_00167;167;;Route de Prost;07340;07089;Félines;;;4.742671;45.326808
07089_0014_00011;11;;Place Félix Serve;07340;07089;Félines;;;4.728395;45.317323
07089_0008_00394;394;;Route du Chatelet;07340;07089;Félines;;;4.726361;45.313352
07089_0103_00299;299;;Route de Prost;07340;07089;Félines;;;4.743476;45.326
07089_0096_01426;1426;;Route de Maclas;07340;07089;Félines;;;4.74182;45.326751
07089_0028_00539;539;;Rue des Milhots;07340;07089;Félines;;;4.723706;45.317067
07089_0006_00689;689;;Route de Brezon;07340;07089;Félines;;;4.733557;45.311788
07089_0025_00321;321;;Route de Larin le Bas;07340;07089;Félines;;;4.74921;45.307327
07089_6d1mjg_00087;87;;Rue des Hermieres;07340;07089;Félines;;;4.743328;45.328159
07089_0003_00180;180;;Chemin Rural de la Boissonnat;07340;07089;Félines;;;4.726298;45.309558
07089_0101_00059;59;;Chemin Rural des Peyrieres;07340;07089;Félines;;;4.731218;45.32213
07089_0004_00093;93;;Rue des Berthois;07340;07089;Félines;;;4.7274;45.315756
07089_0007_00062;62;;Rue du Calvaire;07340;07089;Félines;;;4.728567;45.307631
07089_0009_00061;61;;Chemin Rural les Bourras;07340;07089;Félines;;;4.733209;45.321605
07089_0020_00302;302;;Route des Grands Près;07340;07089;Félines;;;4.732171;45.316477
07089_0006_00637;637;;Route de Brezon;07340;07089;Félines;;;4.734123;45.312502
07089_a002_00265;265;;Lot Sainte Blandine le Bas;07340;07089;Félines;;;4.725467;45.310593
07089_0111_00249;249;;Rue des Roisses;07340;07089;Félines;;;4.747379;45.326896
07089_0003_00024_bis;24;bis;Chemin Rural de la Boissonnat;07340;07089;Félines;;;4.727216;45.310469
07089_0107_00400;400;;Route de la Remise;07340;07089;Félines;;;4.746273;45.310838
07089_0095_00069;69;;Chemin de Comballa;07340;07089;Félines;;;4.726516;45.308826
07089_0028_00020;20;;Rue des Milhots;07340;07089;Félines;;;4.727874;45.316069
07089_0111_00215;215;;Rue des Roisses;07340;07089;Félines;;;4.745388;45.327154
07089_0020_00225;225;;Route des Grands Près;07340;07089;Félines;;;4.731202;45.316589
07089_0095_00043;43;;Chemin de Comballa;07340;07089;Félines;;;4.726705;45.308871
07089_0103_00089;89;;Route de Prost;07340;07089;Félines;;;4.742459;45.327236
07089_0026_00209;209;;Route de Larin le Haut;07340;07089;Félines;;;4.743327;45.307431
07089_0120_00064;64;;Rue de Vieron;07340;07089;Félines;;;4.732465;45.319583
07089_tu4km7_00002;2;;Lotissement les Chataigniers;07340;07089;Félines;;;4.721843;45.318873
07089_pz3q6n_00209;209;;Impasse de Larneve;07340;07089;Félines;;;4.724856;45.308951
07089_0001_00002;2;;Place de la Bascule;07340;07089;Félines;;;4.728309;45.316756
07089_0008_00343;343;;Route du Chatelet;07340;07089;Félines;;;4.729066;45.313123
07089_0120_00062;62;;Rue de Vieron;07340;07089;Félines;;;4.732612;45.319205
07089_0113_00099;99;;Chemin de Pre Long;07340;07089;Félines;;;4.740455;45.324306
07089_0111_00039;39;;Rue des Roisses;07340;07089;Félines;;;4.743161;45.327356
07089_0111_00153;153;;Rue des Roisses;07340;07089;Félines;;;4.744754;45.327435
07089_0025_00297;297;;Route de Larin le Bas;07340;07089;Félines;;;4.748668;45.307269
07089_0029_00559;559;;Route de Marquian;07340;07089;Félines;;;4.753106;45.320059
07089_0026_00042;42;;Route de Larin le Haut;07340;07089;Félines;;;4.741391;45.308097
07089_0106_00019;19;;Impasse du Puits Fauvet;07340;07089;Félines;;;4.72876;45.316825
07089_0020_00576;576;;Route des Grands Près;07340;07089;Félines;;;4.735648;45.316504
07089_tt7qww_00432;432;;Route de Dorore;07340;07089;Félines;;;4.722714;45.303577
07089_9jb2br_00422;422;;Rue des Guillots;07340;07089;Félines;;;4.734453;45.317355
07089_0016_00386;386;;Route de Fontachard;07340;07089;Félines;;;4.744014;45.32132
07089_0103_00170;170;;Route de Prost;07340;07089;Félines;;;4.74241;45.326699
07089_0122_00019;19;;Chemin du Vivier;07340;07089;Félines;;;4.740281;45.319023
07089_0010_01440;1440;;Route de Combalat;07340;07089;Félines;;;4.713107;45.308522
07089_0107_00037;37;;Route de la Remise;07340;07089;Félines;;;4.741925;45.309853
07089_a001_00047;47;;Lot Sainte Blandine le Haut;07340;07089;Félines;;;4.724707;45.30993
07089_0107_00322;322;;Route de la Remise;07340;07089;Félines;;;4.745869;45.309697
07089_0103_00255;255;;Route de Prost;07340;07089;Félines;;;4.742945;45.326007
07089_8asz48_00201;201;;Rue du Levant;07340;07089;Félines;;;4.730248;45.318353
07089_0010_00017;17;;Route de Combalat;07340;07089;Félines;;;4.727622;45.311841
07089_0096_00020;20;;Route de Maclas;07340;07089;Félines;;;4.73784;45.315709
07089_0006_00247;247;;Route de Brezon;07340;07089;Félines;;;4.73218;45.315967
07089_0100_00724;724;;Route du Pilat;07340;07089;Félines;;;4.732788;45.321991
07089_0005_00011;11;;Rue de l’Ancienne Poste;07340;07089;Félines;;;4.727689;45.317174
07089_0012_00068;68;;Rue des Ecoles;07340;07089;Félines;;;4.727807;45.317824
07089_0028_00192;192;;Rue des Milhots;07340;07089;Félines;;;4.726339;45.316183
07089_0108_00777;777;;Route des Reynauds;07340;07089;Félines;;;4.709624;45.318018
07089_0100_00410;410;;Route du Pilat;07340;07089;Félines;;;4.732037;45.319161
07089_0024_00016;16;;Rue des Jardins;07340;07089;Félines;;;4.727759;45.317536
07089_0026_00387;387;;Route de Larin le Haut;07340;07089;Félines;;;4.745629;45.306724
07089_0001_00003;3;;Place de la Bascule;07340;07089;Félines;;;4.728297;45.316892
07089_0099_00082;82;;Route de Montvallier;07340;07089;Félines;;;4.725232;45.319301
07089_0095_00130;130;;Chemin de Comballa;07340;07089;Félines;;;4.725713;45.308812
07089_0003_00159;159;;Chemin Rural de la Boissonnat;07340;07089;Félines;;;4.727364;45.30906
07089_a002_00286;286;;Lot Sainte Blandine le Bas;07340;07089;Félines;;;4.725746;45.310759
07089_0107_00108;108;;Route de la Remise;07340;07089;Félines;;;4.742992;45.30988
07089_9jb2br_00845;845;;Rue des Guillots;07340;07089;Félines;;;4.738825;45.319602
07089_0097_00001;1;;Place de la Mairie;07340;07089;Félines;;;4.728037;45.317217
07089_0006_00544;544;;Route de Brezon;07340;07089;Félines;;;4.732874;45.313287
07089_0120_00432;432;;Rue de Vieron;07340;07089;Félines;;;4.734573;45.318953
07089_8asz48_00158;158;;Rue du Levant;07340;07089;Félines;;;4.730564;45.319235
07089_0008_00398;398;;Route du Chatelet;07340;07089;Félines;;;4.726721;45.31267
07089_0102_00227;227;;Route de Peaugres;07340;07089;Félines;;;4.729983;45.304326
07089_0011_00036;36;;Rue des Aurores;07340;07089;Félines;;;4.729676;45.319063
07089_0028_00261;261;;Rue des Milhots;07340;07089;Félines;;;4.726391;45.315481
07089_0028_00526;526;;Rue des Milhots;07340;07089;Félines;;;4.724564;45.316852
07089_0008_00952;952;;Route du Chatelet;07340;07089;Félines;;;4.728985;45.30914
07089_0025_00462;462;;Route de Larin le Bas;07340;07089;Félines;;;4.747133;45.306286
07089_0118_00001;1;;Rue du Sordeau;07340;07089;Félines;;;4.728053;45.317843
07089_0005_00001;1;;Rue de l’Ancienne Poste;07340;07089;Félines;;;4.727787;45.317091
07089_0008_00956;956;;Route du Chatelet;07340;07089;Félines;;;4.728725;45.308944
07089_0016_00044;44;;Route de Fontachard;07340;07089;Félines;;;4.740289;45.322774
07089_0017_00095;95;;Chemin Rural de Font Aube;07340;07089;Félines;;;4.741086;45.307384
07089_a001_00244;244;;Lot Sainte Blandine le Haut;07340;07089;Félines;;;4.724603;45.311231
07089_0100_00732;732;;Route du Pilat;07340;07089;Félines;;;4.73297;45.322245
07089_6msvdn_00314;314;;Chemin des PI;07340;07089;Félines;;;4.725668;45.30388
07089_owf4qu_00001;1;;Tisenas;07340;07089;Félines;;;4.708668;45.315363
07089_0020_00105;105;;Route des Grands Près;07340;07089;Félines;;;4.729677;45.316586
07089_0120_00087;87;;Rue de Vieron;07340;07089;Félines;;;4.732356;45.319751
07089_0101_00053;53;;Chemin Rural des Peyrieres;07340;07089;Félines;;;4.731961;45.322027
07089_0100_00492;492;;Route du Pilat;07340;07089;Félines;;;4.731983;45.320262
07089_0026_00011;11;;Route de Larin le Haut;07340;07089;Félines;;;4.741437;45.308431
07089_0017_00550;550;;Chemin Rural de Font Aube;07340;07089;Félines;;;4.744453;45.306406
07089_0095_00168;168;;Chemin de Comballa;07340;07089;Félines;;;4.725255;45.308454
07089_0011_00087;87;;Rue des Aurores;07340;07089;Félines;;;4.729055;45.318823
07089_0100_00349_bis;349;bis;Route du Pilat;07340;07089;Félines;;;4.730975;45.318959
07089_0008_00957;957;;Route du Chatelet;07340;07089;Félines;;;4.729737;45.308549
07089_0018_00063;63;;Rue des Garottes;07340;07089;Félines;;;4.725418;45.316803
07089_0003_00182;182;;Chemin Rural de la Boissonnat;07340;07089;Félines;;;4.726062;45.309535
07089_a7418w_00032;32;;Impasse du Couchant;07340;07089;Félines;;;4.728805;45.319226
07089_0006_00747;747;;Route de Brezon;07340;07089;Félines;;;4.732698;45.311831
07089_0107_00040;40;;Route de la Remise;07340;07089;Félines;;;4.74175;45.309329
07089_bl6wo2_00005;5;;Zone Industrielle le Flacher;07340;07089;Félines;;;4.737834;45.306628
07089_0020_00044;44;;Route des Grands Près;07340;07089;Félines;;;4.728958;45.31646
07089_0032_00014;14;;Route de l’Olme;07340;07089;Félines;;;4.739247;45.316181
07089_0002_00015;15;;Chemin de Beauregard;07340;07089;Félines;;;4.710268;45.307065
07089_0100_00128;128;;Route du Pilat;07340;07089;Félines;;;4.729258;45.31752
07089_0015_02680;2680;;Rue du Fayet;07340;07089;Félines;;;4.696951;45.311102
07089_0008_00044;44;;Route du Chatelet;07340;07089;Félines;;;4.727958;45.316095
07089_0017_00097;97;;Chemin Rural de Font Aube;07340;07089;Félines;;;4.740978;45.307261
07089_0098_00075;75;;Route de la Maze;07340;07089;Félines;;;4.725518;45.319475
07089_0107_00059;59;;Route de la Remise;07340;07089;Félines;;;4.741309;45.310798
07089_0096_00509;509;;Route de Maclas;07340;07089;Félines;;;4.740559;45.31927
07089_0008_00954;954;;Route du Chatelet;07340;07089;Félines;;;4.728848;45.309116
07089_0008_00145;145;;Route du Chatelet;07340;07089;Félines;;;4.728218;45.315194
07089_0100_01103;1103;;Route du Pilat;07340;07089;Félines;;;4.732002;45.324793
07089_0008_00452;452;;Route du Chatelet;07340;07089;Félines;;;4.727724;45.312445
07089_0003_00200;200;;Chemin Rural de la Boissonnat;07340;07089;Félines;;;4.727615;45.308535
07089_0002_00045;45;;Chemin de Beauregard;07340;07089;Félines;;;4.710343;45.306829
07089_0003_00152;152;;Chemin Rural de la Boissonnat;07340;07089;Félines;;;4.726548;45.309168
07089_0120_00354;354;;Rue de Vieron;07340;07089;Félines;;;4.734218;45.319596
07089_0020_00021;21;;Route des Grands Près;07340;07089;Félines;;;4.728602;45.316522
07089_0015_00128;128;;Rue du Fayet;07340;07089;Félines;;;4.726987;45.317302
07089_0106_00007;7;;Impasse du Puits Fauvet;07340;07089;Félines;;;4.728606;45.316805
07089_0003_00071_lot 4;71;lot 4;Chemin Rural de la Boissonnat;07340;07089;Félines;;;4.728509;45.30972
07089_0100_00728;728;;Route du Pilat;07340;07089;Félines;;;4.732599;45.322233
07089_0107_00083;83;;Route de la Remise;07340;07089;Félines;;;4.742485;45.310141
07089_9jb2br_00019;19;;Rue des Guillots;07340;07089;Félines;;;4.729232;45.317324
07089_0120_00124;124;;Rue de Vieron;07340;07089;Félines;;;4.733186;45.319612
07089_9jb2br_00021;21;;Rue des Guillots;07340;07089;Félines;;;4.729374;45.317358
07089_0020_00514;514;;Route des Grands Près;07340;07089;Félines;;;4.734866;45.316416
07089_7e8qzt_00095;95;;Impasse de Brezon;07340;07089;Félines;;;4.733781;45.315176
07089_0099_00230;230;;Route de Montvallier;07340;07089;Félines;;;4.72337;45.319834
07089_0025_00359;359;;Route de Larin le Bas;07340;07089;Félines;;;4.748434;45.306507
07089_0015_00086;86;;Rue du Fayet;07340;07089;Félines;;;4.727521;45.317123
07089_0030_00102;102;;Rue du Moulin à Vent;07340;07089;Félines;;;4.73077;45.321407
07089_0015_00035;35;;Rue du Fayet;07340;07089;Félines;;;4.727878;45.316705
07089_0026_00459_bis;459;bis;Route de Larin le Haut;07340;07089;Félines;;;4.745391;45.306318
07089_0107_00097;97;;Route de la Remise;07340;07089;Félines;;;4.742599;45.310353
07089_8asz48_00082;82;;Rue du Levant;07340;07089;Félines;;;4.730351;45.318603
07089_0100_00379;379;;Route du Pilat;07340;07089;Félines;;;4.731363;45.319167
07089_0006_00250;250;;Route de Brezon;07340;07089;Félines;;;4.731863;45.315466
07089_0003_00170;170;;Chemin Rural de la Boissonnat;07340;07089;Félines;;;4.726733;45.309707
07089_0120_00384;384;;Rue de Vieron;07340;07089;Félines;;;4.734492;45.319356
07089_0026_00007;7;;Route de Larin le Haut;07340;07089;Félines;;;4.74202;45.308674
07089_0030_00180;180;;Rue du Moulin à Vent;07340;07089;Félines;;;4.729577;45.321413
07089_0105_00151;151;;Route de la Réatière;07340;07089;Félines;;;4.731244;45.323418
07089_0010_00518;518;;Route de Combalat;07340;07089;Félines;;;4.723018;45.310465
07089_7e8qzt_00223;223;;Impasse de Brezon;07340;07089;Félines;;;4.735099;45.315692
07089_0016_00591;591;;Route de Fontachard;07340;07089;Félines;;;4.746696;45.321206
07089_bl6wo2_00004;4;;Zone Industrielle le Flacher;07340;07089;Félines;;;4.736674;45.306977
07089_a001_00010;10;;Lot Sainte Blandine le Haut;07340;07089;Félines;;;4.725047;45.310291
07089_0016_00538;538;;Route de Fontachard;07340;07089;Félines;;;4.745789;45.320471
07089_0122_00010;10;;Chemin du Vivier;07340;07089;Félines;;;4.740069;45.31913
07089_9jb2br_00822;822;;Rue des Guillots;07340;07089;Félines;;;4.73896;45.318806
07089_a5rxhu_00138;138;;Impasse du Lac;07340;07089;Félines;;;4.741595;45.310984
07089_0014_00039;39;;Place Félix Serve;07340;07089;Félines;;;4.728658;45.317555
07089_0096_00127;127;;Route de Maclas;07340;07089;Félines;;;4.738732;45.316489
07089_0120_00284;284;;Rue de Vieron;07340;07089;Félines;;;4.734148;45.319982
07089_0096_00371;371;;Route de Maclas;07340;07089;Félines;;;4.739484;45.317816
07089_0020_00272;272;;Route des Grands Près;07340;07089;Félines;;;4.731834;45.316467
07089_0020_00356;356;;Route des Grands Près;07340;07089;Félines;;;4.732864;45.316473
07089_a002_00085;85;;Lot Sainte Blandine le Bas;07340;07089;Félines;;;4.726342;45.310242
07089_0026_00385;385;;Route de Larin le Haut;07340;07089;Félines;;;4.745688;45.306945
07089_0010_01255;1255;;Route de Combalat;07340;07089;Félines;;;4.715462;45.307796
07089_0027_00104;104;;Rue du Lavoir;07340;07089;Félines;;;4.725038;45.313739
07089_0095_00174;174;;Chemin de Comballa;07340;07089;Félines;;;4.725305;45.309185
07089_0028_00537;537;;Rue des Milhots;07340;07089;Félines;;;4.723726;45.31675
07089_0011_00125;125;;Rue des Aurores;07340;07089;Félines;;;4.728791;45.31867
07089_a7418w_00030;30;;Impasse du Couchant;07340;07089;Félines;;;4.729069;45.319252
07089_0108_00916;916;;Route des Reynauds;07340;07089;Félines;;;4.707933;45.317905
07089_0107_00055;55;;Route de la Remise;07340;07089;Félines;;;4.741286;45.310571
07089_6d1mjg_00089;89;;Rue des Hermieres;07340;07089;Félines;;;4.743252;45.328039
07089_0008_00599;599;;Route du Chatelet;07340;07089;Félines;;;4.727744;45.311168
07089_0003_00015;15;;Chemin Rural de la Boissonnat;07340;07089;Félines;;;4.727937;45.310323
07089_0099_00188;188;;Route de Montvallier;07340;07089;Félines;;;4.723681;45.31948
07089_0107_00255;255;;Route de la Remise;07340;07089;Félines;;;4.744549;45.310523
07089_0103_00161;161;;Route de Prost;07340;07089;Félines;;;4.742691;45.326392
07089_0020_00392;392;;Route des Grands Près;07340;07089;Félines;;;4.733258;45.316121
07089_0096_01707;1707;;Route de Maclas;07340;07089;Félines;;;4.738512;45.328109
07089_0096_00367;367;;Route de Maclas;07340;07089;Félines;;;4.739852;45.317943
07089_0026_00086;86;;Route de Larin le Haut;07340;07089;Félines;;;4.741848;45.30785
07089_a001_00127;127;;Lot Sainte Blandine le Haut;07340;07089;Félines;;;4.724219;45.31035
07089_0028_00531;531;;Rue des Milhots;07340;07089;Félines;;;4.724358;45.317138
07089_0121_00687;687;;route de Vinzieux;07340;07089;Félines;;;4.71408;45.322099
07089_0003_00140;140;;Chemin Rural de la Boissonnat;07340;07089;Félines;;;4.727068;45.309213
07089_0016_00520;520;;Route de Fontachard;07340;07089;Félines;;;4.745372;45.320636
07089_8asz48_00160;160;;Rue du Levant;07340;07089;Félines;;;4.730749;45.319165
07089_8asz48_00119;119;;Rue du Levant;07340;07089;Félines;;;4.729988;45.31904
07089_8asz48_00157;157;;Rue du Levant;07340;07089;Félines;;;4.729988;45.319235
07089_0006_00068;68;;Route de Brezon;07340;07089;Félines;;;4.729792;45.31602
07089_86nj9h_00077;77;;Lotissement Bellevue Prost;07340;07089;Félines;;;4.741982;45.327797
07089_a002_00178;178;;Lot Sainte Blandine le Bas;07340;07089;Félines;;;4.725558;45.31001
07089_0026_00508;508;;Route de Larin le Haut;07340;07089;Félines;;;4.745711;45.306208
07089_0025_00246;246;;Route de Larin le Bas;07340;07089;Félines;;;4.747698;45.307402
07089_0108_00898;898;;Route des Reynauds;07340;07089;Félines;;;4.708006;45.318084
07089_0006_00166;166;;Route de Brezon;07340;07089;Félines;;;4.730861;45.315763
07089_0096_00276;276;;Route de Maclas;07340;07089;Félines;;;4.740208;45.317211
07089_0020_00242;242;;Route des Grands Près;07340;07089;Félines;;;4.731488;45.316468
07089_0025_00088;88;;Route de Larin le Bas;07340;07089;Félines;;;4.74673;45.308587
07089_9jb2br_00732;732;;Rue des Guillots;07340;07089;Félines;;;4.737781;45.318123
07089_0120_00190;190;;Rue de Vieron;07340;07089;Félines;;;4.733475;45.320368
07089_0101_00049;49;;Chemin Rural des Peyrieres;07340;07089;Félines;;;4.7318;45.322315
07089_7e8qzt_00099;99;;Impasse de Brezon;07340;07089;Félines;;;4.733925;45.315558
07089_0026_00439;439;;Route de Larin le Haut;07340;07089;Félines;;;4.745104;45.306416
07089_0018_00049;49;;Rue des Garottes;07340;07089;Félines;;;4.725669;45.316801
07089_0103_00190;190;;Route de Prost;07340;07089;Félines;;;4.742434;45.326512
07089_0017_00337;337;;Chemin Rural de Font Aube;07340;07089;Félines;;;4.741999;45.306639
07089_0026_00103;103;;Route de Larin le Haut;07340;07089;Félines;;;4.742317;45.307884
07089_0020_00122;122;;Route des Grands Près;07340;07089;Félines;;;4.729942;45.31645
07089_0008_00982;982;;Route du Chatelet;07340;07089;Félines;;;4.729324;45.30826
07089_a001_00073;73;;Lot Sainte Blandine le Haut;07340;07089;Félines;;;4.724324;45.310032
07089_0113_00101;101;;Chemin de Pre Long;07340;07089;Félines;;;4.740689;45.324125
07089_0003_00168;168;;Chemin Rural de la Boissonnat;07340;07089;Félines;;;4.725797;45.309138
07089_0003_00071_lot 6;71;lot 6;Chemin Rural de la Boissonnat;07340;07089;Félines;;;4.728418;45.31007
07089_0003_00242;242;;Chemin Rural de la Boissonnat;07340;07089;Félines;;;4.726383;45.308179
07089_0006_00661;661;;Route de Brezon;07340;07089;Félines;;;4.733755;45.311326
07089_0101_00158;158;;Chemin Rural des Peyrieres;07340;07089;Félines;;;4.731934;45.323155
07089_0100_00346;346;;Route du Pilat;07340;07089;Félines;;;4.731264;45.318088
07089_0008_00999;999;;Route du Chatelet;07340;07089;Félines;;;4.729542;45.308036
07089_0017_00603;603;;Chemin Rural de Font Aube;07340;07089;Félines;;;4.745158;45.305988
07089_0024_00006;6;;Rue des Jardins;07340;07089;Félines;;;4.727934;45.317584
07089_0020_00608;608;;Route des Grands Près;07340;07089;Félines;;;4.736067;45.316513
07089_a001_00163;163;;Lot Sainte Blandine le Haut;07340;07089;Félines;;;4.723806;45.310673
07089_0023_00127;127;;Rue de Labe;07340;07089;Félines;;;4.744595;45.326002
07089_0032_00699;699;;Route de l’Olme;07340;07089;Félines;;;4.745278;45.313184
07089_0096_00391;391;;Route de Maclas;07340;07089;Félines;;;4.739236;45.317768
07089_0025_00390;390;;Route de Larin le Bas;07340;07089;Félines;;;4.747925;45.306663
07089_0030_00031;31;;Rue du Moulin à Vent;07340;07089;Félines;;;4.731727;45.32116
07089_a002_00346;346;;Lot Sainte Blandine le Bas;07340;07089;Félines;;;4.72559;45.311169
07089_tt7qww_00488;488;;Route de Dorore;07340;07089;Félines;;;4.722271;45.303664
07089_0011_00059;59;;Rue des Aurores;07340;07089;Félines;;;4.729689;45.318813
07089_0006_00251;251;;Route de Brezon;07340;07089;Félines;;;4.732563;45.315769
07089_0098_00117;117;;Route de la Maze;07340;07089;Félines;;;4.725177;45.319894
07089_0015_02380;2380;;Rue du Fayet;07340;07089;Félines;;;4.701054;45.31364
07089_0015_00085;85;;Rue du Fayet;07340;07089;Félines;;;4.727341;45.316959
07089_bl6wo2_00009_bis;9;bis;Zone Industrielle le Flacher;07340;07089;Félines;;;4.737459;45.305318
07089_0107_00214;214;;Route de la Remise;07340;07089;Félines;;;4.744295;45.310252
07089_0120_00117;117;;Rue de Vieron;07340;07089;Félines;;;4.732897;45.320015
07089_a002_00255;255;;Lot Sainte Blandine le Bas;07340;07089;Félines;;;4.725387;45.310504
07089_tu4km7_00012;12;;Lotissement les Chataigniers;07340;07089;Félines;;;4.721706;45.318024
07089_0107_00059_bis;59;bis;Route de la Remise;07340;07089;Félines;;;4.741348;45.310724
07089_0003_00900;900;;Chemin Rural de la Boissonnat;07340;07089;Félines;;;4.726961;45.3037
07089_0107_00061;61;;Route de la Remise;07340;07089;Félines;;;4.741264;45.31095
07089_0103_00117;117;;Route de Prost;07340;07089;Félines;;;4.742767;45.327216
07089_0111_00156;156;;Rue des Roisses;07340;07089;Félines;;;4.744722;45.327018
07089_0010_01107;1107;;Route de Combalat;07340;07089;Félines;;;4.717852;45.30809
07089_0105_00047;47;;Route de la Réatière;07340;07089;Félines;;;4.732001;45.323598
07089_0018_00046;46;;Rue des Garottes;07340;07089;Félines;;;4.725477;45.316969
07089_0114_00012;12;;Rue du Puits Fauvet;07340;07089;Félines;;;4.728554;45.31666
07089_8asz48_00083;83;;Rue du Levant;07340;07089;Félines;;;4.72991;45.318633
07089_0107_00117;117;;Route de la Remise;07340;07089;Félines;;;4.742848;45.310424
07089_7e8qzt_00117;117;;Impasse de Brezon;07340;07089;Félines;;;4.734358;45.315146
07089_0003_00178;178;;Chemin Rural de la Boissonnat;07340;07089;Félines;;;4.726449;45.309559
07089_0007_00006;6;;Rue du Calvaire;07340;07089;Félines;;;4.729271;45.307879
07089_0107_00065;65;;Route de la Remise;07340;07089;Félines;;;4.741111;45.311002
07089_0100_00349;349;;Route du Pilat;07340;07089;Félines;;;4.730436;45.318837
07089_0122_00076;76;;Chemin du Vivier;07340;07089;Félines;;;4.739765;45.31816
07089_0020_00314;314;;Route des Grands Près;07340;07089;Félines;;;4.732388;45.316469
07089_0017_00537;537;;Chemin Rural de Font Aube;07340;07089;Félines;;;4.744599;45.306485
07089_0010_00996;996;;Route de Combalat;07340;07089;Félines;;;4.718085;45.309481
