id;numero;rep;nom_voie;code_postal;code_insee;nom_commune;nom_ancienne_commune;nom_ld;lon;lat
84105_0111_00008;8;;Rue de l'Horloge;84400;84105;Saignon;;;5.429103;43.862944
84105_0120_00329;329;;Rue du Jas;84400;84105;Saignon;;;5.427816;43.863075
84105_0054_03505_b;3505;b;Route Departementale 232;84400;84105;Saignon;;;5.412147;43.845878
84105_0090_02233;2233;;Chemin de la Ginestière;84400;84105;Saignon;;;5.423352;43.874641
84105_0006_00054;54;;Chemin des Auberts;84400;84105;Saignon;;Les Auberts;5.444161;43.884874
84105_0090_00141;141;;Chemin de la Ginestière;84400;84105;Saignon;;;5.423254;43.862118
84105_0090_00965;965;;Chemin de la Ginestière;84400;84105;Saignon;;;5.421391;43.867382
84105_0680_00371_b;371;b;Route de Pierrefiche;84400;84105;Saignon;;;5.438375;43.880545
84105_0681_00111_d;111;d;Chemin de Pigalet;84400;84105;Saignon;;;5.427756;43.867998
84105_0013_00265;265;;Chemin de Beau Site;84400;84105;Saignon;;;5.446484;43.883777
84105_0085_00004;4;;Place de la Fontaine;84400;84105;Saignon;;;5.429414;43.862733
84105_0076_00004;4;;Rue de la Ferrage;84400;84105;Saignon;;;5.429035;43.862727
84105_0034_00008;8;;Rue de Cilly;84400;84105;Saignon;;;5.42907;43.862963
84105_0090_00423;423;;Chemin de la Ginestière;84400;84105;Saignon;;;5.423022;43.864272
84105_0021_01185;1185;;Chemin des Bruns;84400;84105;Saignon;;;5.423523;43.877869
84105_0120_00306;306;;Rue du Jas;84400;84105;Saignon;;;5.428129;43.863011
84105_0675_00159;159;;Allée de l'Octroi;84400;84105;Saignon;;;5.424651;43.879576
84105_0021_00503_a;503;a;Chemin des Bruns;84400;84105;Saignon;;;5.429947;43.877059
84105_0070_00048_a;48;a;Chemin du Fangas;84400;84105;Saignon;;;5.442321;43.880245
84105_0728_00205;205;;Chemin de Sivergues;84400;84105;Saignon;;;5.419765;43.844053
84105_0680_01016;1016;;Route de Pierrefiche;84400;84105;Saignon;;;5.431065;43.880671
84105_0036_00326;326;;Chemin du Colombier;84400;84105;Saignon;;;5.430947;43.845074
84105_0053_01829_c;1829;c;Route Departementale 174;84400;84105;Saignon;;;5.437046;43.867207
84105_0005_01010_a;1010;a;Chemin de Bellegarde;84400;84105;Saignon;;;5.443463;43.864923
84105_0090_00828;828;;Chemin de la Ginestière;84400;84105;Saignon;;;5.422092;43.867334
84105_0735_00103;103;;Chemin des Tapets;84400;84105;Saignon;;;5.443561;43.884306
84105_0025_03009;3009;;Route de Castellet;84400;84105;Saignon;;;5.45721;43.849591
84105_0070_00093;93;;Chemin du Fangas;84400;84105;Saignon;;;5.442409;43.880726
84105_kfpdjf_00845;845;;Départementale 231;84400;84105;Saignon;;;5.4398;43.882779
84105_0680_00786_b;786;b;Route de Pierrefiche;84400;84105;Saignon;;;5.433207;43.881426
84105_0009_00005;5;;Place Bescaume;84400;84105;Saignon;;;5.427659;43.863933
84105_0021_00110;110;;Chemin des Bruns;84400;84105;Saignon;;;5.435491;43.876873
84105_0055_00397_b;397;b;Route Départementale 48 Direction Apt;84400;84105;Saignon;;;5.426542;43.860333
84105_0013_00104;104;;Chemin de Beau Site;84400;84105;Saignon;;;5.446123;43.883294
84105_0055_01859;1859;;Route Départementale 48 Direction Apt;84400;84105;Saignon;;;5.417405;43.863966
84105_0680_00958_b;958;b;Route de Pierrefiche;84400;84105;Saignon;;;5.431834;43.881423
84105_0120_00335;335;;Rue du Jas;84400;84105;Saignon;;;5.427871;43.863179
84105_0742_00285_b;285;b;Rue Tracastel;84400;84105;Saignon;;;5.426924;43.865557
84105_0021_00503_c;503;c;Chemin des Bruns;84400;84105;Saignon;;;5.428814;43.87699
84105_0021_00604;604;;Chemin des Bruns;84400;84105;Saignon;;;5.430794;43.877114
84105_loi34g_00255;255;;Rue Louis Jaubert;84400;84105;Saignon;;;5.438707;43.880497
84105_0025_00022_i;22;i;Route de Castellet;84400;84105;Saignon;;;5.430242;43.861742
84105_0006_00288_a;288;a;Chemin des Auberts;84400;84105;Saignon;;Les Auberts;5.44591;43.886412
84105_0050_00841_d;841;d;Route Departementale 900;84400;84105;Saignon;;;5.451903;43.871169
84105_0034_00035;35;;Rue de Cilly;84400;84105;Saignon;;;5.429058;43.863205
84105_0680_00537_b;537;b;Route de Pierrefiche;84400;84105;Saignon;;;5.436064;43.880732
84105_0060_00016;16;;Place de l’Eglise;84400;84105;Saignon;;;5.430019;43.862697
84105_0090_01240_d;1240;d;Chemin de la Ginestière;84400;84105;Saignon;;;5.423916;43.868443
84105_0003_00146;146;;Impasse Aigue Feu;84400;84105;Saignon;;;5.418158;43.863044
84105_0076_00042;42;;Rue de la Ferrage;84400;84105;Saignon;;;5.428726;43.862756
84105_0002_00753_a;753;a;Route de l'Abbaye;84400;84105;Saignon;;;5.434482;43.863393
84105_0051_00005;5;;Route Departementale 114;84400;84105;Saignon;;;5.410086;43.849232
84105_0021_00158_d;158;d;Chemin des Bruns;84400;84105;Saignon;;;5.434454;43.877328
84105_0070_00074_a;74;a;Chemin du Fangas;84400;84105;Saignon;;;5.443553;43.880154
84105_0034_00113;113;;Rue de Cilly;84400;84105;Saignon;;;5.427905;43.863677
84105_0008_00015;15;;Rue Bescaume;84400;84105;Saignon;;;5.427691;43.864021
84105_0087_01966_a;1966;a;Chemin des Fringants;84400;84105;Saignon;;;5.457715;43.866806
84105_0735_00093;93;;Chemin des Tapets;84400;84105;Saignon;;;5.443556;43.884174
84105_0722_00223;223;;Chemin de Saint Michel;84400;84105;Saignon;;;5.423161;43.859612
84105_0056_00011_a;11;a;Route Départementale 48 Direction Auribeau;84400;84105;Saignon;;;5.430074;43.861605
84105_0025_02573_a;2573;a;Route de Castellet;84400;84105;Saignon;;;5.453555;43.851177
84105_0002_00380_b;380;b;Route de l'Abbaye;84400;84105;Saignon;;;5.438105;43.862325
84105_0704_00337;337;;Allée de la Reybaude;84400;84105;Saignon;;;5.426572;43.879048
84105_0053_02683_b;2683;b;Route Departementale 174;84400;84105;Saignon;;;5.437002;43.871802
84105_0025_00103;103;;Route de Castellet;84400;84105;Saignon;;;5.431233;43.861859
84105_0024_00051;51;;Rue de Cassy;84400;84105;Saignon;;;5.428164;43.86407
84105_0720_00023;23;;Rue Saint-louis;84400;84105;Saignon;;;5.429546;43.862483
84105_kfpdjf_01424_d;1424;d;Départementale 231;84400;84105;Saignon;;;5.434043;43.883673
84105_0090_01240_e;1240;e;Chemin de la Ginestière;84400;84105;Saignon;;;5.424375;43.868905
84105_0104_00275;275;;Chemin des Lauviers;84400;84105;Saignon;;;5.44248;43.860843
84105_0704_00187;187;;Allée de la Reybaude;84400;84105;Saignon;;;5.425106;43.879172
84105_0704_00117;117;;Allée de la Reybaude;84400;84105;Saignon;;;5.424317;43.879108
84105_0070_00105;105;;Chemin du Fangas;84400;84105;Saignon;;;5.44247;43.880879
84105_0050_03238;3238;;Route Departementale 900;84400;84105;Saignon;;;5.429806;43.879203
84105_0055_02295_c;2295;c;Route Départementale 48 Direction Apt;84400;84105;Saignon;;;5.413283;43.866512
84105_0005_00779;779;;Chemin de Bellegarde;84400;84105;Saignon;;;5.445913;43.866362
84105_0025_00022_d;22;d;Route de Castellet;84400;84105;Saignon;;;5.430199;43.86173
84105_0044_00025;25;;Rue Courtine;84400;84105;Saignon;;;5.428796;43.863341
84105_0680_00958_d;958;d;Route de Pierrefiche;84400;84105;Saignon;;;5.432213;43.881534
84105_0094_00107;107;;Chemin des Gondonnets;84400;84105;Saignon;;;5.441485;43.88389
84105_0070_00261;261;;Chemin du Fangas;84400;84105;Saignon;;;5.442594;43.882198
84105_0735_00477;477;;Chemin des Tapets;84400;84105;Saignon;;;5.442696;43.887085
84105_0111_00025;25;;Rue de l'Horloge;84400;84105;Saignon;;;5.42907;43.863153
84105_0050_00841_a;841;a;Route Departementale 900;84400;84105;Saignon;;;5.451883;43.870904
84105_0005_00199;199;;Chemin de Bellegarde;84400;84105;Saignon;;;5.439856;43.866397
84105_0680_00602;602;;Route de Pierrefiche;84400;84105;Saignon;;;5.435186;43.881056
84105_0735_01415;1415;;Chemin des Tapets;84400;84105;Saignon;;;5.445345;43.89655
84105_0735_00435_c;435;c;Chemin des Tapets;84400;84105;Saignon;;;5.439297;43.886341
84105_0120_00363;363;;Rue du Jas;84400;84105;Saignon;;;5.427724;43.86352
84105_0680_00194;194;;Route de Pierrefiche;84400;84105;Saignon;;;5.440095;43.880755
84105_0053_00285_a;285;a;Route Departementale 174;84400;84105;Saignon;;;5.42665;43.866511
84105_0087_00322;322;;Chemin des Fringants;84400;84105;Saignon;;;5.442763;43.862086
84105_0055_00053_f;53;f;Route Départementale 48 Direction Apt;84400;84105;Saignon;;;5.429126;43.860792
84105_0053_03906;3906;;Route Departementale 174;84400;84105;Saignon;;;5.440492;43.875371
84105_0719_00018;18;;Impasse Saint Louis;84400;84105;Saignon;;;5.429253;43.862381
84105_0142_00435;435;;Chemin de la Masque;84400;84105;Saignon;;;5.448306;43.88932
84105_dz7ekx_00434_b;434;b;les Blaques;84400;84105;Saignon;;;5.444633;43.890335
84105_0010_00384;384;;Chemin des Blaques;84400;84105;Saignon;;;5.446232;43.889519
84105_0013_00143;143;;Chemin de Beau Site;84400;84105;Saignon;;;5.446454;43.883337
84105_kfpdjf_01424_a;1424;a;Départementale 231;84400;84105;Saignon;;;5.433448;43.882733
84105_0680_00664;664;;Route de Pierrefiche;84400;84105;Saignon;;;5.434502;43.881107
84105_0050_00615;615;;Route Departementale 900;84400;84105;Saignon;;;5.454223;43.868701
84105_0090_01379_a;1379;a;Chemin de la Ginestière;84400;84105;Saignon;;;5.419368;43.869552
84105_0004_00415;415;;Chemin d'Aigues Frèges;84400;84105;Saignon;;Aigues Frèges;5.44504;43.870834
84105_0056_01825;1825;;Route Départementale 48 Direction Auribeau;84400;84105;Saignon;;;5.435989;43.851353
84105_0070_00175;175;;Chemin du Fangas;84400;84105;Saignon;;;5.442589;43.881473
84105_0090_01379;1379;;Chemin de la Ginestière;84400;84105;Saignon;;;5.426967;43.872951
84105_0053_03512;3512;;Route Departementale 174;84400;84105;Saignon;;;5.437536;43.876326
84105_0700_00110;110;;Rue du Quay;84400;84105;Saignon;;;5.427879;43.863647
84105_0053_01829_b;1829;b;Route Departementale 174;84400;84105;Saignon;;;5.436981;43.867274
84105_0044_00037;37;;Rue Courtine;84400;84105;Saignon;;;5.428745;43.863489
84105_0051_01952;1952;;Route Departementale 114;84400;84105;Saignon;;;5.423214;43.840157
84105_0007_00568;568;;Chemin de l'Auriane;84400;84105;Saignon;;;5.417627;43.867281
84105_0008_00081;81;;Rue Bescaume;84400;84105;Saignon;;;5.427108;43.864528
84105_0145_02102;2102;;Chemin de la Molière;84400;84105;Saignon;;;5.463974;43.851706
84105_0053_01863_b;1863;b;Route Departementale 174;84400;84105;Saignon;;;5.437209;43.867442
84105_0682_00586;586;;Chemin des Plaines;84400;84105;Saignon;;;5.416059;43.861435
84105_0070_00177;177;;Chemin du Fangas;84400;84105;Saignon;;;5.441509;43.881609
84105_0084_00334;334;;Chemin de Font de Montagne;84400;84105;Saignon;;;5.434361;43.869346
84105_0700_00119;119;;Rue du Quay;84400;84105;Saignon;;;5.427649;43.863546
84105_0055_00053_c;53;c;Route Départementale 48 Direction Apt;84400;84105;Saignon;;;5.429424;43.860896
84105_0004_00327;327;;Chemin d'Aigues Frèges;84400;84105;Saignon;;Aigues Frèges;5.442541;43.870921
84105_0682_00545;545;;Chemin des Plaines;84400;84105;Saignon;;;5.416442;43.860217
84105_0681_00140_a;140;a;Chemin de Pigalet;84400;84105;Saignon;;;5.428452;43.868667
84105_loi34g_00186;186;;Rue Louis Jaubert;84400;84105;Saignon;;;5.439701;43.880523
84105_0090_00857;857;;Chemin de la Ginestière;84400;84105;Saignon;;;5.421549;43.866482
84105_0145_01875;1875;;Chemin de la Molière;84400;84105;Saignon;;;5.46322;43.857187
84105_loi34g_00122;122;;Rue Louis Jaubert;84400;84105;Saignon;;;5.440502;43.880505
84105_0719_00024;24;;Impasse Saint Louis;84400;84105;Saignon;;;5.429183;43.862307
84105_kfpdjf_00522_a;522;a;Départementale 231;84400;84105;Saignon;;;5.443111;43.884046
84105_0700_00136;136;;Rue du Quay;84400;84105;Saignon;;;5.427634;43.863737
84105_0021_00604_b;604;b;Chemin des Bruns;84400;84105;Saignon;;;5.430384;43.877374
84105_0681_00111_a;111;a;Chemin de Pigalet;84400;84105;Saignon;;;5.428594;43.868877
84105_0001_00344;344;;Chemin de l'Ancienne Gare;84400;84105;Saignon;;;5.448031;43.876304
84105_0704_00249;249;;Allée de la Reybaude;84400;84105;Saignon;;;5.425642;43.878989
84105_0013_00355;355;;Chemin de Beau Site;84400;84105;Saignon;;;5.446645;43.884624
84105_0055_00907;907;;Route Départementale 48 Direction Apt;84400;84105;Saignon;;;5.425408;43.861433
84105_0053_03939;3939;;Route Departementale 174;84400;84105;Saignon;;;5.441306;43.876491
84105_0053_02541;2541;;Route Departementale 174;84400;84105;Saignon;;;5.438872;43.870383
84105_0680_00537_a;537;a;Route de Pierrefiche;84400;84105;Saignon;;;5.436195;43.880598
84105_0021_00272;272;;Chemin des Bruns;84400;84105;Saignon;;;5.433085;43.8772
84105_0002_00459_e;459;e;Route de l'Abbaye;84400;84105;Saignon;;;5.43637;43.861856
84105_0001_00604;604;;Chemin de l'Ancienne Gare;84400;84105;Saignon;;;5.44962;43.874377
84105_kfpdjf_01861;1861;;Départementale 231;84400;84105;Saignon;;;5.428694;43.88161
84105_0021_00307;307;;Chemin des Bruns;84400;84105;Saignon;;;5.432803;43.877042
84105_0013_00421;421;;Chemin de Beau Site;84400;84105;Saignon;;;5.447113;43.884963
84105_0111_00040;40;;Rue de l'Horloge;84400;84105;Saignon;;;5.42924;43.863189
84105_0120_00092;92;;Rue du Jas;84400;84105;Saignon;;;5.428019;43.861382
84105_0722_01068;1068;;Chemin de Saint Michel;84400;84105;Saignon;;;5.413788;43.860667
84105_0742_00285_a;285;a;Rue Tracastel;84400;84105;Saignon;;;5.426924;43.865557
84105_0680_00032;32;;Route de Pierrefiche;84400;84105;Saignon;;;5.441919;43.880408
84105_0087_01768;1768;;Chemin des Fringants;84400;84105;Saignon;;;5.456661;43.866051
84105_0720_00005_a;5;a;Rue Saint-louis;84400;84105;Saignon;;;5.429521;43.862335
84105_0005_00779_a;779;a;Chemin de Bellegarde;84400;84105;Saignon;;;5.446435;43.866486
84105_0735_00435_d;435;d;Chemin des Tapets;84400;84105;Saignon;;;5.441487;43.886663
84105_0735_00869;869;;Chemin des Tapets;84400;84105;Saignon;;;5.44381;43.890468
84105_0084_00148;148;;Chemin de Font de Montagne;84400;84105;Saignon;;;5.436152;43.868991
84105_0735_00998;998;;Chemin des Tapets;84400;84105;Saignon;;;5.444175;43.89139
84105_0002_00545;545;;Route de l'Abbaye;84400;84105;Saignon;;;5.436739;43.863009
84105_0054_03788;3788;;Route Departementale 232;84400;84105;Saignon;;;5.409011;43.846119
84105_0060_00043;43;;Place de l’Eglise;84400;84105;Saignon;;;5.429727;43.862324
84105_0682_00287;287;;Chemin des Plaines;84400;84105;Saignon;;;5.419679;43.860462
84105_0034_00002;2;;Rue de Cilly;84400;84105;Saignon;;;5.42907;43.862963
84105_0055_00345;345;;Route Départementale 48 Direction Apt;84400;84105;Saignon;;;5.42693;43.86009
84105_0735_00328;328;;Chemin des Tapets;84400;84105;Saignon;;;5.44302;43.88599
84105_0003_00137_a;137;a;Impasse Aigue Feu;84400;84105;Saignon;;;5.418393;43.863096
84105_0024_00131;131;;Rue de Cassy;84400;84105;Saignon;;;5.428226;43.864246
84105_0680_00927;927;;Route de Pierrefiche;84400;84105;Saignon;;;5.431846;43.880697
84105_0094_00060_e;60;e;Chemin des Gondonnets;84400;84105;Saignon;;;5.442215;43.884228
84105_0056_01034;1034;;Route Départementale 48 Direction Auribeau;84400;84105;Saignon;;;5.433902;43.856644
84105_0120_00297;297;;Rue du Jas;84400;84105;Saignon;;;5.42816;43.862887
84105_0002_00459_d;459;d;Route de l'Abbaye;84400;84105;Saignon;;;5.435661;43.862559
84105_0120_00211;211;;Rue du Jas;84400;84105;Saignon;;;5.427869;43.862416
84105_0005_00294;294;;Chemin de Bellegarde;84400;84105;Saignon;;;5.441166;43.866657
84105_0013_00314;314;;Chemin de Beau Site;84400;84105;Saignon;;;5.447098;43.884192
84105_0719_00017;17;;Impasse Saint Louis;84400;84105;Saignon;;;5.429329;43.862335
84105_loi34g_00220;220;;Rue Louis Jaubert;84400;84105;Saignon;;;5.439283;43.880553
84105_0740_00093;93;;Chemin de Toutes Aures;84400;84105;Saignon;;;5.444751;43.896109
84105_loi34g_00247;247;;Rue Louis Jaubert;84400;84105;Saignon;;;5.438529;43.880341
84105_0704_00202;202;;Allée de la Reybaude;84400;84105;Saignon;;;5.425134;43.878957
84105_0044_00051;51;;Rue Courtine;84400;84105;Saignon;;;5.428584;43.863638
84105_0090_01240_c;1240;c;Chemin de la Ginestière;84400;84105;Saignon;;;5.424027;43.868927
84105_0681_00103;103;;Chemin de Pigalet;84400;84105;Saignon;;;5.428452;43.868667
84105_0053_01863;1863;;Route Departementale 174;84400;84105;Saignon;;;5.436007;43.868256
84105_0016_00007;7;;Rue du Bourget;84400;84105;Saignon;;;5.429327;43.862945
84105_0681_00111_b;111;b;Chemin de Pigalet;84400;84105;Saignon;;;5.42793;43.869622
84105_kfpdjf_01424_b;1424;b;Départementale 231;84400;84105;Saignon;;;5.433334;43.882783
84105_0680_00958_j;958;j;Route de Pierrefiche;84400;84105;Saignon;;;5.431241;43.881254
84105_0125_00194;194;;Chemin des Lantins;84400;84105;Saignon;;;5.434012;43.868017
84105_0735_00034;34;;Chemin des Tapets;84400;84105;Saignon;;;5.444161;43.883808
84105_0722_00295;295;;Chemin de Saint Michel;84400;84105;Saignon;;;5.42231;43.859633
84105_0720_00029;29;;Rue Saint-louis;84400;84105;Saignon;;;5.429388;43.86249
84105_0145_00640;640;;Chemin de la Molière;84400;84105;Saignon;;;5.450157;43.855517
84105_0680_00958_a;958;a;Route de Pierrefiche;84400;84105;Saignon;;;5.431532;43.881036
84105_0034_00023;23;;Rue de Cilly;84400;84105;Saignon;;;5.428625;43.863174
84105_0025_00718;718;;Route de Castellet;84400;84105;Saignon;;;5.437204;43.860245
84105_0070_00074_d;74;d;Chemin du Fangas;84400;84105;Saignon;;;5.443427;43.880161
84105_kfpdjf_01526;1526;;Départementale 231;84400;84105;Saignon;;;5.432156;43.882659
84105_0720_00015;15;;Rue Saint-louis;84400;84105;Saignon;;;5.429546;43.862483
84105_0055_00053_e;53;e;Route Départementale 48 Direction Apt;84400;84105;Saignon;;;5.429183;43.860816
84105_0034_00008_c;8;c;Rue de Cilly;84400;84105;Saignon;;;5.428929;43.863059
84105_0704_00130;130;;Allée de la Reybaude;84400;84105;Saignon;;;5.42409;43.878835
84105_0742_00266;266;;Rue Tracastel;84400;84105;Saignon;;;5.426924;43.865557
84105_0111_00012;12;;Rue de l'Horloge;84400;84105;Saignon;;;5.429094;43.862967
84105_0013_00348;348;;Chemin de Beau Site;84400;84105;Saignon;;;5.446989;43.884494
84105_0700_00015;15;;Rue du Quay;84400;84105;Saignon;;;5.428626;43.863053
84105_0044_00015;15;;Rue Courtine;84400;84105;Saignon;;;5.428584;43.863638
84105_0053_00293;293;;Route Departementale 174;84400;84105;Saignon;;;5.426714;43.866555
84105_0090_02283;2283;;Chemin de la Ginestière;84400;84105;Saignon;;;5.42262;43.876525
84105_0735_01163;1163;;Chemin des Tapets;84400;84105;Saignon;;;5.44448;43.892928
84105_0733_00045;45;;Rue de la Tannerie;84400;84105;Saignon;;;5.429633;43.862239
84105_0742_00023;23;;Rue Tracastel;84400;84105;Saignon;;;5.426409;43.86518
84105_0680_00827_a;827;a;Route de Pierrefiche;84400;84105;Saignon;;;5.432945;43.880598
84105_0025_00022_a;22;a;Route de Castellet;84400;84105;Saignon;;;5.430195;43.861763
84105_0087_01293;1293;;Chemin des Fringants;84400;84105;Saignon;;;5.451109;43.866722
84105_0014_00013;13;;Rue Bourgade;84400;84105;Saignon;;;5.4298;43.861892
84105_loi34g_00126;126;;Rue Louis Jaubert;84400;84105;Saignon;;;5.440279;43.880463
84105_0094_00144;144;;Chemin des Gondonnets;84400;84105;Saignon;;;5.440844;43.883877
84105_0053_03930;3930;;Route Departementale 174;84400;84105;Saignon;;;5.441434;43.876209
84105_0720_00010;10;;Rue Saint-louis;84400;84105;Saignon;;;5.429595;43.862415
84105_0720_00084;84;;Rue Saint-louis;84400;84105;Saignon;;;5.429016;43.862912
84105_0014_00047;47;;Rue Bourgade;84400;84105;Saignon;;;5.429709;43.862122
84105_0680_00958_f;958;f;Route de Pierrefiche;84400;84105;Saignon;;;5.43071;43.8814
84105_0090_01037_b;1037;b;Chemin de la Ginestière;84400;84105;Saignon;;;5.420758;43.868084
84105_0053_02838_b;2838;b;Route Departementale 174;84400;84105;Saignon;;;5.439526;43.873231
84105_0053_03963;3963;;Route Departementale 174;84400;84105;Saignon;;;5.441509;43.87649
84105_0720_00077_a;77;a;Rue Saint-louis;84400;84105;Saignon;;;5.428978;43.862794
84105_0005_00655;655;;Chemin de Bellegarde;84400;84105;Saignon;;;5.445093;43.867013
84105_0084_00175;175;;Chemin de Font de Montagne;84400;84105;Saignon;;;5.436179;43.868771
84105_0008_00095;95;;Rue Bescaume;84400;84105;Saignon;;;5.426935;43.864651
84105_0090_02688;2688;;Chemin de la Ginestière;84400;84105;Saignon;;;5.427812;43.877261
84105_0011_00681;681;;Chemin de Ballalot;84400;84105;Saignon;;;5.427302;43.84798
84105_0680_00830_a;830;a;Route de Pierrefiche;84400;84105;Saignon;;;5.433252;43.881082
84105_0055_01927;1927;;Route Départementale 48 Direction Apt;84400;84105;Saignon;;;5.416644;43.864474
84105_0008_00012;12;;Rue Bescaume;84400;84105;Saignon;;;5.42774;43.864106
84105_0681_00238;238;;Chemin de Pigalet;84400;84105;Saignon;;;5.430212;43.86924
84105_0700_00140;140;;Rue du Quay;84400;84105;Saignon;;;5.427553;43.863821
84105_0053_00266;266;;Route Departementale 174;84400;84105;Saignon;;;5.426729;43.866263
84105_0001_00303;303;;Chemin de l'Ancienne Gare;84400;84105;Saignon;;;5.447958;43.876711
84105_0050_00024;24;;Route Departementale 900;84400;84105;Saignon;;;5.458906;43.866867
84105_loi34g_00225;225;;Rue Louis Jaubert;84400;84105;Saignon;;;5.439178;43.880405
84105_0025_00022_h;22;h;Route de Castellet;84400;84105;Saignon;;;5.43025;43.861726
84105_0044_00031;31;;Rue Courtine;84400;84105;Saignon;;;5.428788;43.863405
84105_0056_01636;1636;;Route Départementale 48 Direction Auribeau;84400;84105;Saignon;;;5.435364;43.850948
84105_0735_00869;869;;Chemin des Tapets;84400;84105;Saignon;;;5.445345;43.89655
84105_0015_00616;616;;Chemin de Beylons;84400;84105;Saignon;;;5.463975;43.851719
84105_0680_00461;461;;Route de Pierrefiche;84400;84105;Saignon;;;5.437109;43.880853
84105_loi34g_00193;193;;Rue Louis Jaubert;84400;84105;Saignon;;;5.439557;43.880382
84105_0054_00943_a;943;a;Route Departementale 232;84400;84105;Saignon;;;5.426047;43.854414
84105_0025_00989_b;989;b;Route de Castellet;84400;84105;Saignon;;;5.441204;43.859575
84105_0742_00134;134;;Rue Tracastel;84400;84105;Saignon;;;5.427079;43.865534
84105_0025_02573_b;2573;b;Route de Castellet;84400;84105;Saignon;;;5.452717;43.851366
84105_0013_00323;323;;Chemin de Beau Site;84400;84105;Saignon;;;5.446568;43.884364
84105_0680_00152;152;;Route de Pierrefiche;84400;84105;Saignon;;;5.440503;43.880712
84105_0025_00185;185;;Route de Castellet;84400;84105;Saignon;;;5.431993;43.86166
84105_0690_00024;24;;Rue du Portail Neuf;84400;84105;Saignon;;;5.427344;43.863921
84105_0006_00288_b;288;b;Chemin des Auberts;84400;84105;Saignon;;Les Auberts;5.445897;43.886221
84105_0111_00038;38;;Rue de l'Horloge;84400;84105;Saignon;;;5.429205;43.863141
84105_0735_00896;896;;Chemin des Tapets;84400;84105;Saignon;;;5.443986;43.890653
84105_0053_02209;2209;;Route Departementale 174;84400;84105;Saignon;;;5.437594;43.870018
84105_0024_00169;169;;Rue de Cassy;84400;84105;Saignon;;;5.428646;43.864129
84105_0740_00115;115;;Chemin de Toutes Aures;84400;84105;Saignon;;;5.444516;43.895767
84105_0054_01830_d;1830;d;Route Departementale 232;84400;84105;Saignon;;;5.421514;43.851953
84105_0142_00168;168;;Chemin de la Masque;84400;84105;Saignon;;;5.446768;43.887795
84105_0034_00040;40;;Rue de Cilly;84400;84105;Saignon;;;5.429263;43.863187
84105_0016_00041;41;;Rue du Bourget;84400;84105;Saignon;;;5.429661;43.863249
84105_0680_01341;1341;;Route de Pierrefiche;84400;84105;Saignon;;;5.428834;43.87992
84105_0145_01345;1345;;Chemin de la Molière;84400;84105;Saignon;;;5.456908;43.854938
84105_0720_00005_b;5;b;Rue Saint-louis;84400;84105;Saignon;;;5.429506;43.862353
84105_0076_00007;7;;Rue de la Ferrage;84400;84105;Saignon;;;5.429128;43.862659
84105_loi34g_00115;115;;Rue Louis Jaubert;84400;84105;Saignon;;;5.440417;43.88036
84105_0001_00342;342;;Chemin de l'Ancienne Gare;84400;84105;Saignon;;;5.447974;43.876477
84105_0055_01948_b;1948;b;Route Départementale 48 Direction Apt;84400;84105;Saignon;;;5.420589;43.866259
84105_ufssd9_00012;12;;Rue du Vedayon;84400;84105;Saignon;;;5.430076;43.862182
84105_0025_00989;989;;Route de Castellet;84400;84105;Saignon;;;5.441351;43.859367
84105_0034_00012;12;;Rue de Cilly;84400;84105;Saignon;;;5.429104;43.862934
84105_0044_00051_a;51;a;Rue Courtine;84400;84105;Saignon;;;5.428662;43.863562
84105_0056_02264;2264;;Route Départementale 48 Direction Auribeau;84400;84105;Saignon;;;5.438264;43.848393
84105_s9obvi_02838_c;2838;c;les Gavots;84400;84105;Saignon;;;5.439488;43.873164
84105_0053_02838_f;2838;f;Route Departementale 174;84400;84105;Saignon;;;5.441213;43.872629
84105_s9obvi_02838_b;2838;b;les Gavots;84400;84105;Saignon;;;5.439651;43.873151
84105_0120_00182;182;;Rue du Jas;84400;84105;Saignon;;;5.428579;43.861328
84105_0044_00003;3;;Rue Courtine;84400;84105;Saignon;;;5.428767;43.863209
84105_0013_00356;356;;Chemin de Beau Site;84400;84105;Saignon;;;5.447073;43.884589
84105_0044_00014;14;;Rue Courtine;84400;84105;Saignon;;;5.428862;43.863227
84105_0055_00600;600;;Route Départementale 48 Direction Apt;84400;84105;Saignon;;;5.427292;43.862101
84105_0076_00015;15;;Rue de la Ferrage;84400;84105;Saignon;;;5.429012;43.862624
84105_0104_00600;600;;Chemin des Lauviers;84400;84105;Saignon;;;5.447602;43.859671
84105_0053_00486_a;486;a;Route Departementale 174;84400;84105;Saignon;;;5.429733;43.864899
84105_0054_01830_a;1830;a;Route Departementale 232;84400;84105;Saignon;;;5.419654;43.853157
84105_0060_00039;39;;Place de l’Eglise;84400;84105;Saignon;;;5.429939;43.862318
84105_0025_00210_b;210;b;Route de Castellet;84400;84105;Saignon;;;5.432408;43.861449
84105_0025_01874;1874;;Route de Castellet;84400;84105;Saignon;;;5.446885;43.854324
84105_0056_03044;3044;;Route Départementale 48 Direction Auribeau;84400;84105;Saignon;;;5.443022;43.843131
84105_0680_00252;252;;Route de Pierrefiche;84400;84105;Saignon;;;5.439575;43.880795
84105_0053_03968;3968;;Route Departementale 174;84400;84105;Saignon;;;5.441761;43.876335
84105_0005_00493;493;;Chemin de Bellegarde;84400;84105;Saignon;;;5.443582;43.867139
84105_0140_00144;144;;Chemin de la Maisonnette;84400;84105;Saignon;;;5.430626;43.880415
84105_0142_00287;287;;Chemin de la Masque;84400;84105;Saignon;;;5.447177;43.8887
84105_0021_00188;188;;Chemin des Bruns;84400;84105;Saignon;;;5.434154;43.87721
84105_0053_02838_d;2838;d;Route Departementale 174;84400;84105;Saignon;;;5.439565;43.872932
84105_0120_00182_c;182;c;Rue du Jas;84400;84105;Saignon;;;5.428574;43.8615
84105_0002_00459_c;459;c;Route de l'Abbaye;84400;84105;Saignon;;;5.438979;43.861886
84105_0070_00173;173;;Chemin du Fangas;84400;84105;Saignon;;;5.44253;43.88114
84105_0050_00841_b;841;b;Route Departementale 900;84400;84105;Saignon;;;5.453614;43.869795
84105_0680_00296;296;;Route de Pierrefiche;84400;84105;Saignon;;;5.438832;43.88084
84105_0735_00097_a;97;a;Chemin des Tapets;84400;84105;Saignon;;;5.44336;43.884182
84105_0690_00036;36;;Rue du Portail Neuf;84400;84105;Saignon;;;5.427491;43.864091
84105_0015_00690;690;;Chemin de Beylons;84400;84105;Saignon;;;5.464688;43.851757
84105_loi34g_00189;189;;Rue Louis Jaubert;84400;84105;Saignon;;;5.439732;43.880392
84105_0704_00174;174;;Allée de la Reybaude;84400;84105;Saignon;;;5.424866;43.878913
84105_0010_00195_b;195;b;Chemin des Blaques;84400;84105;Saignon;;;5.444912;43.887889
84105_0742_00111;111;;Rue Tracastel;84400;84105;Saignon;;;5.426927;43.865666
84105_0016_00071;71;;Rue du Bourget;84400;84105;Saignon;;;5.429729;43.863344
84105_0055_00599;599;;Route Départementale 48 Direction Apt;84400;84105;Saignon;;;5.427153;43.862026
84105_0055_00053_g;53;g;Route Départementale 48 Direction Apt;84400;84105;Saignon;;;5.429045;43.860758
84105_0111_00059;59;;Rue de l'Horloge;84400;84105;Saignon;;;5.428937;43.863283
84105_0680_00656;656;;Route de Pierrefiche;84400;84105;Saignon;;;5.434585;43.881114
84105_0120_00266;266;;Rue du Jas;84400;84105;Saignon;;;5.42844;43.86277
84105_0145_02205;2205;;Chemin de la Molière;84400;84105;Saignon;;;5.465739;43.851551
84105_0053_02715;2715;;Route Departementale 174;84400;84105;Saignon;;;5.438703;43.872649
84105_0002_00459_b;459;b;Route de l'Abbaye;84400;84105;Saignon;;;5.435529;43.862638
84105_0055_00568;568;;Route Départementale 48 Direction Apt;84400;84105;Saignon;;;5.427338;43.861815
84105_0025_00007;7;;Route de Castellet;84400;84105;Saignon;;;5.431296;43.862367
84105_0016_00008;8;;Rue du Bourget;84400;84105;Saignon;;;5.429412;43.862863
84105_0005_00405;405;;Chemin de Bellegarde;84400;84105;Saignon;;;5.441937;43.867256
84105_0090_01379_b;1379;b;Chemin de la Ginestière;84400;84105;Saignon;;;5.419979;43.869911
84105_0125_00217;217;;Chemin des Lantins;84400;84105;Saignon;;;5.431535;43.868425
84105_0025_00314_a;314;a;Route de Castellet;84400;84105;Saignon;;;5.433257;43.861249
84105_0021_00503_b;503;b;Chemin des Bruns;84400;84105;Saignon;;;5.428967;43.877104
84105_0680_00958_i;958;i;Route de Pierrefiche;84400;84105;Saignon;;;5.431388;43.881069
84105_0690_00031;31;;Rue du Portail Neuf;84400;84105;Saignon;;;5.427334;43.864202
84105_0055_02447_a;2447;a;Route Départementale 48 Direction Apt;84400;84105;Saignon;;;5.413655;43.867247
84105_0061_00054_c;54;c;Chemin d’Escudelette;84400;84105;Saignon;;;5.427316;43.845414
84105_0053_04001;4001;;Route Departementale 174;84400;84105;Saignon;;;5.44161;43.876619
84105_0025_00022_b;22;b;Route de Castellet;84400;84105;Saignon;;;5.430178;43.861733
84105_0742_00070;70;;Rue Tracastel;84400;84105;Saignon;;;5.426769;43.865448
84105_0735_01027;1027;;Chemin des Tapets;84400;84105;Saignon;;;5.444094;43.891678
84105_0034_00016;16;;Rue de Cilly;84400;84105;Saignon;;;5.42918;43.862995
84105_0070_00133;133;;Chemin du Fangas;84400;84105;Saignon;;;5.44248;43.881072
84105_0680_00775;775;;Route de Pierrefiche;84400;84105;Saignon;;;5.433419;43.880881
84105_0014_00042;42;;Rue Bourgade;84400;84105;Saignon;;;5.429763;43.862185
84105_0090_00145;145;;Chemin de la Ginestière;84400;84105;Saignon;;;5.426967;43.872951
84105_0015_00227;227;;Chemin de Beylons;84400;84105;Saignon;;;5.460507;43.853501
84105_0021_00888;888;;Chemin des Bruns;84400;84105;Saignon;;;5.427029;43.8779
84105_0145_00526;526;;Chemin de la Molière;84400;84105;Saignon;;;5.448777;43.856243
84105_0120_00291;291;;Rue du Jas;84400;84105;Saignon;;;5.428219;43.862852
84105_0094_00138;138;;Chemin des Gondonnets;84400;84105;Saignon;;;5.44097;43.883944
84105_0053_02184_f;2184;f;Route Departementale 174;84400;84105;Saignon;;;5.438068;43.868104
84105_0145_01284;1284;;Chemin de la Molière;84400;84105;Saignon;;;5.456275;43.85398
84105_0021_00158;158;;Chemin des Bruns;84400;84105;Saignon;;;5.435233;43.877162
84105_0704_00043;43;;Allée de la Reybaude;84400;84105;Saignon;;;5.42336;43.879087
84105_0145_00617;617;;Chemin de la Molière;84400;84105;Saignon;;;5.451325;43.859536
84105_loi34g_00082;82;;Rue Louis Jaubert;84400;84105;Saignon;;;5.441006;43.880473
84105_0680_00958_g;958;g;Route de Pierrefiche;84400;84105;Saignon;;;5.430617;43.88134
84105_0090_02648;2648;;Chemin de la Ginestière;84400;84105;Saignon;;;5.426973;43.877578
84105_0142_00077;77;;Chemin de la Masque;84400;84105;Saignon;;;5.448021;43.888724
84105_0090_01240_f;1240;f;Chemin de la Ginestière;84400;84105;Saignon;;;5.423516;43.869689
84105_0142_00110;110;;Chemin de la Masque;84400;84105;Saignon;;;5.446404;43.887381
84105_0700_00037;37;;Rue du Quay;84400;84105;Saignon;;;5.428314;43.86322
84105_0120_00015;15;;Rue du Jas;84400;84105;Saignon;;;5.427323;43.861025
84105_0025_00210_a;210;a;Route de Castellet;84400;84105;Saignon;;;5.432391;43.861445
84105_0107_00008;8;;Rue de l'Hopital;84400;84105;Saignon;;;5.429626;43.862545
84105_0051_01208;1208;;Route Departementale 114;84400;84105;Saignon;;;5.418767;43.841569
84105_0070_00048;48;;Chemin du Fangas;84400;84105;Saignon;;;5.442589;43.881473
84105_0142_00528;528;;Chemin de la Masque;84400;84105;Saignon;;;5.448021;43.888724
84105_0056_00039;39;;Route Départementale 48 Direction Auribeau;84400;84105;Saignon;;;5.430189;43.860587
84105_0025_02574_a;2574;a;Route de Castellet;84400;84105;Saignon;;;5.450968;43.84933
84105_0055_00053_b;53;b;Route Départementale 48 Direction Apt;84400;84105;Saignon;;;5.42963;43.860961
84105_0016_00013;13;;Rue du Bourget;84400;84105;Saignon;;;5.429474;43.863103
84105_0055_00053_a;53;a;Route Départementale 48 Direction Apt;84400;84105;Saignon;;;5.429547;43.860939
84105_0680_00371_a;371;a;Route de Pierrefiche;84400;84105;Saignon;;;5.438362;43.880765
84105_0140_00074_a;74;a;Chemin de la Maisonnette;84400;84105;Saignon;;;5.43069;43.879855
84105_0120_00135;135;;Rue du Jas;84400;84105;Saignon;;;5.42809;43.862034
84105_0006_00170_b;170;b;Chemin des Auberts;84400;84105;Saignon;;Les Auberts;5.445153;43.885667
84105_0013_00301;301;;Chemin de Beau Site;84400;84105;Saignon;;;5.446457;43.884145
84105_0055_02244;2244;;Route Départementale 48 Direction Apt;84400;84105;Saignon;;;5.414297;43.865983
84105_0140_00157_b;157;b;Chemin de la Maisonnette;84400;84105;Saignon;;;5.430528;43.880428
84105_0120_00084;84;;Rue du Jas;84400;84105;Saignon;;;5.427759;43.861277
84105_0021_00604_a;604;a;Chemin des Bruns;84400;84105;Saignon;;;5.430792;43.877114
84105_0087_00034;34;;Chemin des Fringants;84400;84105;Saignon;;;5.439242;43.861935
84105_0112_00513;513;;Chemin des Huppes;84400;84105;Saignon;;;5.422317;43.873092
84105_0044_00023;23;;Rue Courtine;84400;84105;Saignon;;;5.427546;43.864116
84105_0142_00434;434;;Chemin de la Masque;84400;84105;Saignon;;;5.44842;43.889085
84105_0070_00074_c;74;c;Chemin du Fangas;84400;84105;Saignon;;;5.442932;43.880594
84105_0704_00144;144;;Allée de la Reybaude;84400;84105;Saignon;;;5.424322;43.878831
84105_0690_00029;29;;Rue du Portail Neuf;84400;84105;Saignon;;;5.427257;43.864132
84105_0055_01948_a;1948;a;Route Départementale 48 Direction Apt;84400;84105;Saignon;;;5.420884;43.865342
84105_0142_00113_a;113;a;Chemin de la Masque;84400;84105;Saignon;;;5.448021;43.888724
84105_0025_00055;55;;Route de Castellet;84400;84105;Saignon;;Maison des Associations;5.430703;43.861997
84105_0720_00077_b;77;b;Rue Saint-louis;84400;84105;Saignon;;;5.428995;43.862781
84105_0003_00048;48;;Impasse Aigue Feu;84400;84105;Saignon;;;5.418959;43.863515
84105_0007_00474;474;;Chemin de l'Auriane;84400;84105;Saignon;;;5.415674;43.869421
84105_s9obvi_02838_a;2838;a;les Gavots;84400;84105;Saignon;;;5.439212;43.872914
84105_0680_00465_b;465;b;Route de Pierrefiche;84400;84105;Saignon;;;5.436835;43.880453
84105_0735_01724;1724;;Chemin des Tapets;84400;84105;Saignon;;;5.445289;43.897189
84105_0021_00073_a;73;a;Chemin des Bruns;84400;84105;Saignon;;;5.435648;43.87637
84105_0094_00106;106;;Chemin des Gondonnets;84400;84105;Saignon;;;5.441347;43.88408
84105_0025_01414;1414;;Route de Castellet;84400;84105;Saignon;;;5.443987;43.857586
84105_0056_01474_b;1474;b;Route Départementale 48 Direction Auribeau;84400;84105;Saignon;;;5.432665;43.858538
84105_loi34g_00199;199;;Rue Louis Jaubert;84400;84105;Saignon;;;5.439385;43.880401
84105_0055_00053_d;53;d;Route Départementale 48 Direction Apt;84400;84105;Saignon;;;5.429311;43.860862
84105_0735_01061;1061;;Chemin des Tapets;84400;84105;Saignon;;;5.444149;43.891782
84105_0680_00763;763;;Route de Pierrefiche;84400;84105;Saignon;;;5.433515;43.880907
84105_0680_00256;256;;Route de Pierrefiche;84400;84105;Saignon;;;5.439388;43.881194
84105_0140_00074_b;74;b;Chemin de la Maisonnette;84400;84105;Saignon;;;5.430692;43.879881
84105_0735_00097_b;97;b;Chemin des Tapets;84400;84105;Saignon;;;5.443307;43.884219
84105_0104_00940;940;;Chemin des Lauviers;84400;84105;Saignon;;;5.450331;43.86119
84105_0090_01240_b;1240;b;Chemin de la Ginestière;84400;84105;Saignon;;;5.423056;43.869441
84105_0005_01002;1002;;Chemin de Bellegarde;84400;84105;Saignon;;;5.445034;43.865251
84105_0719_00023;23;;Impasse Saint Louis;84400;84105;Saignon;;;5.42919;43.862291
84105_0013_00381;381;;Chemin de Beau Site;84400;84105;Saignon;;;5.446727;43.884871
84105_0025_00479;479;;Route de Castellet;84400;84105;Saignon;;;5.434629;43.861053
84105_0704_00088;88;;Allée de la Reybaude;84400;84105;Saignon;;;5.423919;43.879085
84105_0090_01105;1105;;Chemin de la Ginestière;84400;84105;Saignon;;;5.421583;43.868625
84105_0094_00120;120;;Chemin des Gondonnets;84400;84105;Saignon;;;5.441193;43.884034
84105_0054_03505_a;3505;a;Route Departementale 232;84400;84105;Saignon;;;5.412162;43.845984
84105_0680_00827_c;827;c;Route de Pierrefiche;84400;84105;Saignon;;;5.432909;43.880416
84105_0055_01395;1395;;Route Départementale 48 Direction Apt;84400;84105;Saignon;;;5.42072;43.862142
84105_0002_00753_b;753;b;Route de l'Abbaye;84400;84105;Saignon;;;5.431866;43.863771
84105_0735_00435_a;435;a;Chemin des Tapets;84400;84105;Saignon;;;5.441992;43.887162
84105_0140_00109;109;;Chemin de la Maisonnette;84400;84105;Saignon;;;5.430533;43.880093
84105_0090_00001;1;;Chemin de la Ginestière;84400;84105;Saignon;;;5.426967;43.872951
84105_0720_00026;26;;Rue Saint-louis;84400;84105;Saignon;;;5.429491;43.862519
84105_0700_00005;5;;Rue du Quay;84400;84105;Saignon;;;5.427643;43.863916
84105_0680_00366;366;;Route de Pierrefiche;84400;84105;Saignon;;;5.438349;43.880901
84105_0724_00354;354;;Chemin de Saint Sauveur;84400;84105;Saignon;;;5.432653;43.873883
84105_0053_02184;2184;;Route Departementale 174;84400;84105;Saignon;;;5.437769;43.869753
84105_0050_00841_c;841;c;Route Departementale 900;84400;84105;Saignon;;;5.45207;43.871021
84105_0005_01010;1010;;Chemin de Bellegarde;84400;84105;Saignon;;;5.445913;43.866362
84105_0681_00111;111;;Chemin de Pigalet;84400;84105;Saignon;;;5.428566;43.868763
84105_0044_00075;75;;Rue Courtine;84400;84105;Saignon;;;5.428533;43.863639
84105_0002_00461;461;;Route de l'Abbaye;84400;84105;Saignon;;;5.437257;43.862483
84105_0094_00034;34;;Chemin des Gondonnets;84400;84105;Saignon;;;5.442194;43.88377
84105_0692_00006;6;;Rue du Portail Rouge;84400;84105;Saignon;;;5.429428;43.863565
84105_0690_00035;35;;Rue du Portail Neuf;84400;84105;Saignon;;;5.427383;43.863966
84105_0013_00172;172;;Chemin de Beau Site;84400;84105;Saignon;;;5.446919;43.883469
84105_loi34g_00046;46;;Rue Louis Jaubert;84400;84105;Saignon;;;5.441448;43.880437
84105_loi34g_00050;50;;Rue Louis Jaubert;84400;84105;Saignon;;;5.4413;43.880409
84105_0056_02101;2101;;Route Départementale 48 Direction Auribeau;84400;84105;Saignon;;;5.437491;43.849536
84105_0700_00001;1;;Rue du Quay;84400;84105;Saignon;;;5.428459;43.863285
84105_0142_00113_b;113;b;Chemin de la Masque;84400;84105;Saignon;;;5.446436;43.887625
84105_0084_00338;338;;Chemin de Font de Montagne;84400;84105;Saignon;;;5.434033;43.869212
84105_0014_00028;28;;Rue Bourgade;84400;84105;Saignon;;;5.429686;43.862337
84105_0053_03966;3966;;Route Departementale 174;84400;84105;Saignon;;;5.441841;43.876285
84105_0034_00018;18;;Rue de Cilly;84400;84105;Saignon;;;5.42907;43.862963
84105_0104_00216;216;;Chemin des Lauviers;84400;84105;Saignon;;;5.44171;43.860639
84105_0044_00061;61;;Rue Courtine;84400;84105;Saignon;;;5.428556;43.863539
84105_0735_00770;770;;Chemin des Tapets;84400;84105;Saignon;;;5.44513;43.89003
84105_0090_02103;2103;;Chemin de la Ginestière;84400;84105;Saignon;;;5.424503;43.873613
84105_0014_00019;19;;Rue Bourgade;84400;84105;Saignon;;;5.429686;43.862337
84105_0704_00243;243;;Allée de la Reybaude;84400;84105;Saignon;;;5.425565;43.879014
84105_0025_01138;1138;;Route de Castellet;84400;84105;Saignon;;;5.441168;43.858434
84105_0053_02838_e;2838;e;Route Departementale 174;84400;84105;Saignon;;;5.439217;43.872926
84105_0025_00079;79;;Route de Castellet;84400;84105;Saignon;;Salles des Fêtes;5.431081;43.861971
84105_0120_00213;213;;Rue du Jas;84400;84105;Saignon;;;5.428262;43.862433
84105_0681_00102;102;;Chemin de Pigalet;84400;84105;Saignon;;;5.429402;43.867536
84105_0680_00958_e;958;e;Route de Pierrefiche;84400;84105;Saignon;;;5.431332;43.881446
84105_0021_00608;608;;Chemin des Bruns;84400;84105;Saignon;;;5.430085;43.877444
84105_0011_00603;603;;Chemin de Ballalot;84400;84105;Saignon;;;5.427239;43.848559
84105_0025_01540;1540;;Route de Castellet;84400;84105;Saignon;;;5.445075;43.856773
84105_0005_00624;624;;Chemin de Bellegarde;84400;84105;Saignon;;;5.444195;43.866642
84105_0013_00280;280;;Chemin de Beau Site;84400;84105;Saignon;;;5.446951;43.883829
84105_0145_00916;916;;Chemin de la Molière;84400;84105;Saignon;;;5.45287;43.854702
84105_0021_00158_a;158;a;Chemin des Bruns;84400;84105;Saignon;;;5.434882;43.877392
84105_0704_00026;26;;Allée de la Reybaude;84400;84105;Saignon;;;5.423171;43.878972
84105_0005_00851_b;851;b;Chemin de Bellegarde;84400;84105;Saignon;;;5.447103;43.864975
84105_0735_01249;1249;;Chemin des Tapets;84400;84105;Saignon;;;5.444616;43.893488
84105_0090_02554;2554;;Chemin de la Ginestière;84400;84105;Saignon;;;5.427226;43.877177
84105_0013_00393;393;;Chemin de Beau Site;84400;84105;Saignon;;;5.4469;43.884918
84105_0675_00140;140;;Allée de l'Octroi;84400;84105;Saignon;;;5.42457;43.879526
84105_0112_00339;339;;Chemin des Huppes;84400;84105;Saignon;;;5.421665;43.872192
84105_0002_00380_a;380;a;Route de l'Abbaye;84400;84105;Saignon;;L'Abbaye Saint-Eusèbe;5.438067;43.862347
84105_0681_00140_b;140;b;Chemin de Pigalet;84400;84105;Saignon;;;5.430856;43.868095
84105_0680_00958_h;958;h;Route de Pierrefiche;84400;84105;Saignon;;;5.430632;43.881295
84105_0680_00126_a;126;a;Route de Pierrefiche;84400;84105;Saignon;;;5.440914;43.880914
84105_0085_00002;2;;Place de la Fontaine;84400;84105;Saignon;;;5.429513;43.86258
84105_0053_03912;3912;;Route Departementale 174;84400;84105;Saignon;;;5.441289;43.87618
84105_0051_00854;854;;Route Departementale 114;84400;84105;Saignon;;;5.4164;43.843838
84105_0006_00271;271;;Chemin des Auberts;84400;84105;Saignon;;Les Auberts;5.44574;43.886564
84105_0733_00026;26;;Rue de la Tannerie;84400;84105;Saignon;;;5.429381;43.862075
84105_0120_00087;87;;Rue du Jas;84400;84105;Saignon;;;5.427606;43.861445
84105_0055_00587;587;;Route Départementale 48 Direction Apt;84400;84105;Saignon;;;5.427147;43.8619
84105_0053_02015;2015;;Route Departementale 174;84400;84105;Saignon;;;5.437917;43.868282
84105_0682_00070;70;;Chemin des Plaines;84400;84105;Saignon;;;5.421833;43.860403
84105_0704_00023;23;;Allée de la Reybaude;84400;84105;Saignon;;;5.423102;43.879051
84105_0015_00799;799;;Chemin de Beylons;84400;84105;Saignon;;;5.465732;43.851547
84105_0005_01010_b;1010;b;Chemin de Bellegarde;84400;84105;Saignon;;;5.444558;43.864977
84105_0094_00108;108;;Chemin des Gondonnets;84400;84105;Saignon;;;5.441299;43.884048
84105_kfpdjf_01069;1069;;Départementale 231;84400;84105;Saignon;;;5.43743;43.882555
84105_0025_00644;644;;Route de Castellet;84400;84105;Saignon;;;5.436394;43.860367
84105_0090_01037_a;1037;a;Chemin de la Ginestière;84400;84105;Saignon;;;5.421401;43.868003
84105_0104_00663;663;;Chemin des Lauviers;84400;84105;Saignon;;;5.44737;43.860488
84105_0680_00786_a;786;a;Route de Pierrefiche;84400;84105;Saignon;;;5.433299;43.881244
84105_0010_00434_a;434;a;Chemin des Blaques;84400;84105;Saignon;;;5.446305;43.889839
84105_0104_00801;801;;Chemin des Lauviers;84400;84105;Saignon;;;5.448717;43.860905
84105_0055_00536;536;;Route Départementale 48 Direction Apt;84400;84105;Saignon;;;5.427262;43.861574
84105_0008_00023;23;;Rue Bescaume;84400;84105;Saignon;;;5.427535;43.864138
84105_0053_02695;2695;;Route Departementale 174;84400;84105;Saignon;;;5.438391;43.87221
84105_0002_00459_a;459;a;Route de l'Abbaye;84400;84105;Saignon;;;5.435499;43.862809
84105_0005_00851_a;851;a;Chemin de Bellegarde;84400;84105;Saignon;;;5.446692;43.865126
84105_0050_00853;853;;Route Departementale 900;84400;84105;Saignon;;;5.451628;43.870825
84105_0070_00151;151;;Chemin du Fangas;84400;84105;Saignon;;;5.442539;43.88116
84105_0120_00207;207;;Rue du Jas;84400;84105;Saignon;;;5.428866;43.862061
84105_0055_00397_a;397;a;Route Départementale 48 Direction Apt;84400;84105;Saignon;;;5.426412;43.860274
84105_0070_00102;102;;Chemin du Fangas;84400;84105;Saignon;;;5.442545;43.880782
84105_0007_00536;536;;Chemin de l'Auriane;84400;84105;Saignon;;;5.41552;43.869321
84105_0007_00567;567;;Chemin de l'Auriane;84400;84105;Saignon;;;5.415845;43.869502
84105_0680_00956;956;;Route de Pierrefiche;84400;84105;Saignon;;;5.43163;43.880789
84105_0053_02439;2439;;Route Departementale 174;84400;84105;Saignon;;;5.439762;43.870853
84105_0025_00022_c;22;c;Route de Castellet;84400;84105;Saignon;;;5.430159;43.861756
84105_0034_00075;75;;Rue de Cilly;84400;84105;Saignon;;;5.428523;43.863626
84105_0053_00285_b;285;b;Route Departementale 174;84400;84105;Saignon;;;5.426925;43.86673
84105_0025_00022_g;22;g;Route de Castellet;84400;84105;Saignon;;;5.430293;43.861723
84105_0675_00071;71;;Allée de l'Octroi;84400;84105;Saignon;;;5.423749;43.879577
84105_0735_01208;1208;;Chemin des Tapets;84400;84105;Saignon;;;5.444655;43.893147
84105_0010_00544;544;;Chemin des Blaques;84400;84105;Saignon;;;5.44644;43.890788
84105_0004_00211;211;;Chemin d'Aigues Frèges;84400;84105;Saignon;;Aigues Frèges;5.442087;43.870947
84105_s9obvi_02838;2838;;les Gavots;84400;84105;Saignon;;;5.439524;43.873104
84105_84io7o_02295;2295;;Camping du Luberon;84400;84105;Saignon;;;5.413028;43.866118
84105_0087_01966_b;1966;b;Chemin des Fringants;84400;84105;Saignon;;;5.458119;43.866619
84105_0120_00182_a;182;a;Rue du Jas;84400;84105;Saignon;;;5.428601;43.86136
84105_0120_00303;303;;Rue du Jas;84400;84105;Saignon;;;5.428082;43.862939
84105_0120_00288;288;;Rue du Jas;84400;84105;Saignon;;;5.428283;43.862907
84105_0055_01233;1233;;Route Départementale 48 Direction Apt;84400;84105;Saignon;;;5.4218;43.861373
84105_0680_00465_a;465;a;Route de Pierrefiche;84400;84105;Saignon;;;5.436957;43.880786
84105_0025_00314_b;314;b;Route de Castellet;84400;84105;Saignon;;;5.433243;43.861265
84105_0013_00174;174;;Chemin de Beau Site;84400;84105;Saignon;;;5.446757;43.884505
84105_0733_00024;24;;Rue de la Tannerie;84400;84105;Saignon;;;5.429383;43.862129
84105_0728_00326;326;;Chemin de Sivergues;84400;84105;Saignon;;;5.418803;43.843339
84105_0051_00271;271;;Route Departementale 114;84400;84105;Saignon;;;5.411802;43.847343
84105_0021_00073_b;73;b;Chemin des Bruns;84400;84105;Saignon;;;5.435563;43.876413
84105_0094_00092;92;;Chemin des Gondonnets;84400;84105;Saignon;;;5.441481;43.883984
84105_0094_00060_c;60;c;Chemin des Gondonnets;84400;84105;Saignon;;;5.441713;43.884136
84105_0005_00999;999;;Chemin de Bellegarde;84400;84105;Saignon;;;5.445576;43.8655
84105_0140_00108;108;;Chemin de la Maisonnette;84400;84105;Saignon;;;5.430657;43.880099
84105_0719_00008;8;;Impasse Saint Louis;84400;84105;Saignon;;;5.429356;43.862412
84105_0015_00578;578;;Chemin de Beylons;84400;84105;Saignon;;;5.4625;43.851934
84105_0680_00574;574;;Route de Pierrefiche;84400;84105;Saignon;;;5.435669;43.881064
84105_0025_00022_j;22;j;Route de Castellet;84400;84105;Saignon;;;5.430213;43.86174
84105_b031_00997;997;;Clos de Beylon;84400;84105;Saignon;;;5.469529;43.852406
84105_0013_00103;103;;Chemin de Beau Site;84400;84105;Saignon;;;5.446138;43.883404
84105_0690_00015;15;;Rue du Portail Neuf;84400;84105;Saignon;;;5.427313;43.864062
84105_0720_00016;16;;Rue Saint-louis;84400;84105;Saignon;;;5.429538;43.86247
84105_0053_02838_a;2838;a;Route Departementale 174;84400;84105;Saignon;;;5.439491;43.873301
84105_0044_00011;11;;Rue Courtine;84400;84105;Saignon;;;5.428698;43.863324
84105_0704_00034;34;;Allée de la Reybaude;84400;84105;Saignon;;;5.423298;43.878992
84105_0005_00894;894;;Chemin de Bellegarde;84400;84105;Saignon;;;5.44595;43.865917
84105_0700_00045;45;;Rue du Quay;84400;84105;Saignon;;;5.428459;43.863285
84105_0005_00400;400;;Chemin de Bellegarde;84400;84105;Saignon;;;5.441972;43.867156
84105_0036_00230_b;230;b;Chemin du Colombier;84400;84105;Saignon;;;5.429837;43.84519
84105_0111_00057;57;;Rue de l'Horloge;84400;84105;Saignon;;;5.429095;43.863169
84105_0053_03932;3932;;Route Departementale 174;84400;84105;Saignon;;;5.441569;43.876107
84105_0006_00072;72;;Chemin des Auberts;84400;84105;Saignon;;Les Auberts;5.444305;43.884999
84105_0061_00054_d;54;d;Chemin d’Escudelette;84400;84105;Saignon;;;5.427316;43.845414
84105_0053_03934;3934;;Route Departementale 174;84400;84105;Saignon;;;5.441622;43.876241
84105_0053_02480;2480;;Route Departementale 174;84400;84105;Saignon;;;5.439507;43.871322
84105_0021_00503_d;503;d;Chemin des Bruns;84400;84105;Saignon;;;5.428774;43.876955
84105_0050_01481;1481;;Route Departementale 900;84400;84105;Saignon;;;5.447625;43.875331
84105_0120_00309;309;;Rue du Jas;84400;84105;Saignon;;;5.427999;43.862983
84105_0014_00039;39;;Rue Bourgade;84400;84105;Saignon;;;5.429686;43.862337
84105_0735_00704;704;;Chemin des Tapets;84400;84105;Saignon;;;5.443414;43.889148
84105_0001_00707;707;;Chemin de l'Ancienne Gare;84400;84105;Saignon;;;5.450093;43.873776
84105_0053_00977;977;;Route Departementale 174;84400;84105;Saignon;;;5.431546;43.867029
84105_0735_00435;435;;Chemin des Tapets;84400;84105;Saignon;;;5.445345;43.89655
84105_0055_02245;2245;;Route Départementale 48 Direction Apt;84400;84105;Saignon;;;5.414069;43.865981
84105_0681_00111_c;111;c;Chemin de Pigalet;84400;84105;Saignon;;;5.427965;43.868451
84105_0720_00083;83;;Rue Saint-louis;84400;84105;Saignon;;;5.428904;43.862834
84105_0120_00338;338;;Rue du Jas;84400;84105;Saignon;;;5.427985;43.863245
84105_0733_00014;14;;Rue de la Tannerie;84400;84105;Saignon;;;5.429633;43.862239
84105_loi34g_00190;190;;Rue Louis Jaubert;84400;84105;Saignon;;;5.439479;43.880529
84105_0720_00033;33;;Rue Saint-louis;84400;84105;Saignon;;;5.429307;43.862547
84105_0044_00045;45;;Rue Courtine;84400;84105;Saignon;;;5.428584;43.863638
84105_0094_00114;114;;Chemin des Gondonnets;84400;84105;Saignon;;;5.441242;43.884061
84105_0704_00240;240;;Allée de la Reybaude;84400;84105;Saignon;;;5.425448;43.878947
84105_0120_00182_d;182;d;Rue du Jas;84400;84105;Saignon;;;5.429473;43.861939
84105_0055_00252;252;;Route Départementale 48 Direction Apt;84400;84105;Saignon;;;5.427577;43.860667
84105_0056_01474_a;1474;a;Route Départementale 48 Direction Auribeau;84400;84105;Saignon;;;5.432243;43.857737
84105_0675_00199;199;;Allée de l'Octroi;84400;84105;Saignon;;;5.425208;43.87923
84105_kfpdjf_00522_b;522;b;Départementale 231;84400;84105;Saignon;;;5.443086;43.883968
84105_0120_00182_b;182;b;Rue du Jas;84400;84105;Saignon;;;5.428559;43.861384
84105_0681_00243;243;;Chemin de Pigalet;84400;84105;Saignon;;;5.430152;43.869287
84105_0085_00013;13;;Place de la Fontaine;84400;84105;Saignon;;;5.429229;43.862631
84105_0034_00087;87;;Rue de Cilly;84400;84105;Saignon;;;5.428078;43.863514
84105_0094_00060_a;60;a;Chemin des Gondonnets;84400;84105;Saignon;;;5.441619;43.884058
84105_0680_00714;714;;Route de Pierrefiche;84400;84105;Saignon;;;5.434014;43.881074
84105_0076_00035;35;;Rue de la Ferrage;84400;84105;Saignon;;;5.428845;43.862569
84105_0007_00519;519;;Chemin de l'Auriane;84400;84105;Saignon;;;5.415012;43.870215
84105_0050_02002;2002;;Route Departementale 900;84400;84105;Saignon;;;5.44491;43.879026
84105_0060_00035;35;;Place de l’Eglise;84400;84105;Saignon;;;5.429789;43.862416
84105_0054_01830_c;1830;c;Route Departementale 232;84400;84105;Saignon;;;5.417242;43.853946
84105_0055_02295_e;2295;e;Route Départementale 48 Direction Apt;84400;84105;Saignon;;;5.413813;43.866491
84105_0025_00506;506;;Route de Castellet;84400;84105;Saignon;;;5.434406;43.860749
84105_0145_00019;19;;Chemin de la Molière;84400;84105;Saignon;;;5.444116;43.85788
84105_0053_01526;1526;;Route Departementale 174;84400;84105;Saignon;;;5.437159;43.865284
84105_0094_00038;38;;Chemin des Gondonnets;84400;84105;Saignon;;;5.442125;43.883774
84105_0013_00268;268;;Chemin de Beau Site;84400;84105;Saignon;;;5.447013;43.883737
84105_0053_03936;3936;;Route Departementale 174;84400;84105;Saignon;;;5.441543;43.87626
84105_0742_00293;293;;Rue Tracastel;84400;84105;Saignon;;;5.426924;43.865557
84105_0005_00779_b;779;b;Chemin de Bellegarde;84400;84105;Saignon;;;5.446896;43.865964
84105_0070_00074_b;74;b;Chemin du Fangas;84400;84105;Saignon;;;5.443739;43.880444
84105_0085_00005;5;;Place de la Fontaine;84400;84105;Saignon;;;5.429183;43.862676
84105_0036_00230_a;230;a;Chemin du Colombier;84400;84105;Saignon;;;5.429858;43.845195
84105_0044_00051_c;51;c;Rue Courtine;84400;84105;Saignon;;;5.428664;43.863556
84105_loi34g_00243;243;;Rue Louis Jaubert;84400;84105;Saignon;;;5.438846;43.880335
84105_0061_00054_b;54;b;Chemin d’Escudelette;84400;84105;Saignon;;;5.427316;43.845414
84105_0055_01144;1144;;Route Départementale 48 Direction Apt;84400;84105;Saignon;;;5.420394;43.862489
84105_0090_00970_a;970;a;Chemin de la Ginestière;84400;84105;Saignon;;;5.422046;43.867715
84105_0681_00182;182;;Chemin de Pigalet;84400;84105;Saignon;;;5.430007;43.868872
84105_0016_00039;39;;Rue du Bourget;84400;84105;Saignon;;;5.4297;43.863293
84105_0007_00503;503;;Chemin de l'Auriane;84400;84105;Saignon;;;5.415097;43.869318
84105_0090_01037;1037;;Chemin de la Ginestière;84400;84105;Saignon;;;5.426967;43.872951
84105_0724_00512_b;512;b;Chemin de Saint Sauveur;84400;84105;Saignon;;;5.430881;43.87397
84105_0034_00051;51;;Rue de Cilly;84400;84105;Saignon;;;5.428454;43.863363
84105_0015_00532;532;;Chemin de Beylons;84400;84105;Saignon;;;5.463113;43.851716
84105_0112_00199;199;;Chemin des Huppes;84400;84105;Saignon;;;5.421211;43.871305
84105_0733_00019;19;;Rue de la Tannerie;84400;84105;Saignon;;;5.429782;43.861947
84105_0054_01830_b;1830;b;Route Departementale 232;84400;84105;Saignon;;;5.421611;43.853361
84105_0690_00002;2;;Rue du Portail Neuf;84400;84105;Saignon;;;5.427375;43.864112
84105_0004_00528;528;;Chemin d'Aigues Frèges;84400;84105;Saignon;;Aigues Frèges;5.445595;43.870675
84105_0053_02838_c;2838;c;Route Departementale 174;84400;84105;Saignon;;;5.439706;43.87319
84105_0053_01829_a;1829;a;Route Departementale 174;84400;84105;Saignon;;;5.436409;43.867217
84105_0125_00195;195;;Chemin des Lantins;84400;84105;Saignon;;;5.433185;43.868159
84105_0680_00393;393;;Route de Pierrefiche;84400;84105;Saignon;;;5.437875;43.880807
84105_0680_00717;717;;Route de Pierrefiche;84400;84105;Saignon;;;5.43398;43.880966
84105_0700_00114;114;;Rue du Quay;84400;84105;Saignon;;;5.427697;43.863676
84105_0053_01461;1461;;Route Departementale 174;84400;84105;Saignon;;;5.436379;43.865045
84105_0024_00062;62;;Rue de Cassy;84400;84105;Saignon;;;5.428646;43.864129
84105_0015_00539;539;;Chemin de Beylons;84400;84105;Saignon;;;5.463059;43.851928
84105_nd7pvd_01208;1208;;les Prés Blancs;84400;84105;Saignon;;;5.420333;43.839507
84105_0120_00184;184;;Rue du Jas;84400;84105;Saignon;;;5.428519;43.862196
84105_0005_00851;851;;Chemin de Bellegarde;84400;84105;Saignon;;;5.445913;43.866362
84105_0680_00827_b;827;b;Route de Pierrefiche;84400;84105;Saignon;;;5.432829;43.880475
84105_0015_00997;997;;Chemin de Beylons;84400;84105;Saignon;;;5.46865;43.851763
84105_0142_00319;319;;Chemin de la Masque;84400;84105;Saignon;;;5.447337;43.888757
84105_0025_02574_b;2574;b;Route de Castellet;84400;84105;Saignon;;;5.450436;43.848461
84105_loi34g_00224;224;;Rue Louis Jaubert;84400;84105;Saignon;;;5.439119;43.880574
84105_0016_00018;18;;Rue du Bourget;84400;84105;Saignon;;;5.429453;43.862907
84105_0704_00321;321;;Allée de la Reybaude;84400;84105;Saignon;;;5.42634;43.879001
84105_0025_00193;193;;Route de Castellet;84400;84105;Saignon;;;5.43211;43.861641
84105_0085_00022;22;;Place de la Fontaine;84400;84105;Saignon;;;5.429145;43.862791
84105_0700_00007;7;;Rue du Quay;84400;84105;Saignon;;;5.428529;43.862956
84105_0682_00301;301;;Chemin des Plaines;84400;84105;Saignon;;;5.417656;43.860684
84105_0053_03803;3803;;Route Departementale 174;84400;84105;Saignon;;;5.44021;43.876767
84105_0025_02858;2858;;Route de Castellet;84400;84105;Saignon;;;5.451784;43.853301
84105_0690_00004;4;;Rue du Portail Neuf;84400;84105;Saignon;;;5.42743;43.864002
84105_0014_00025;25;;Rue Bourgade;84400;84105;Saignon;;;5.429686;43.862337
84105_0053_04317;4317;;Route Departementale 174;84400;84105;Saignon;;;5.442386;43.878586
84105_0680_00830_b;830;b;Route de Pierrefiche;84400;84105;Saignon;;;5.432722;43.881266
84105_0090_02494;2494;;Chemin de la Ginestière;84400;84105;Saignon;;;5.426967;43.872951
84105_0720_00028;28;;Rue Saint-louis;84400;84105;Saignon;;;5.429546;43.862483
84105_0680_00958_c;958;c;Route de Pierrefiche;84400;84105;Saignon;;;5.432222;43.881492
84105_0728_00429;429;;Chemin de Sivergues;84400;84105;Saignon;;;5.418578;43.84257
84105_0025_00022_e;22;e;Route de Castellet;84400;84105;Saignon;;;5.430187;43.861735
84105_0680_00088;88;;Route de Pierrefiche;84400;84105;Saignon;;;5.441297;43.880622
84105_0013_00307;307;;Chemin de Beau Site;84400;84105;Saignon;;;5.446416;43.884203
84105_0704_00103;103;;Allée de la Reybaude;84400;84105;Saignon;;;5.423991;43.879227
84105_0090_01636;1636;;Chemin de la Ginestière;84400;84105;Saignon;;;5.426967;43.872951
84105_0735_01194;1194;;Chemin des Tapets;84400;84105;Saignon;;;5.444725;43.893117
84105_0680_00830_c;830;c;Route de Pierrefiche;84400;84105;Saignon;;;5.43262;43.88147
84105_0001_00325;325;;Chemin de l'Ancienne Gare;84400;84105;Saignon;;;5.448168;43.876418
84105_0055_00404;404;;Route Départementale 48 Direction Apt;84400;84105;Saignon;;;5.426889;43.860533
84105_0142_00624;624;;Chemin de la Masque;84400;84105;Saignon;;;5.449163;43.890495
84105_loi34g_00229;229;;Rue Louis Jaubert;84400;84105;Saignon;;;5.439059;43.88032
84105_0680_00260;260;;Route de Pierrefiche;84400;84105;Saignon;;;5.439329;43.880863
84105_0094_00060_b;60;b;Chemin des Gondonnets;84400;84105;Saignon;;;5.441625;43.884167
84105_0060_00026;26;;Place de l’Eglise;84400;84105;Saignon;;;5.429755;43.862525
84105_0120_00341;341;;Rue du Jas;84400;84105;Saignon;;;5.42785;43.863241
84105_0680_00958_k;958;k;Route de Pierrefiche;84400;84105;Saignon;;;5.431024;43.881329
84105_ufssd9_00030;30;;Rue du Vedayon;84400;84105;Saignon;;;5.429989;43.862023
84105_0005_00142;142;;Chemin de Bellegarde;84400;84105;Saignon;;;5.440063;43.866244
84105_gq8j7r_02858;2858;;Les Cortets;84400;84105;Saignon;;;5.453867;43.848423
84105_s9obvi_02838_d;2838;d;les Gavots;84400;84105;Saignon;;;5.439519;43.873231
84105_0087_01844_b;1844;b;Chemin des Fringants;84400;84105;Saignon;;;5.458328;43.865678
84105_0720_00003;3;;Rue Saint-louis;84400;84105;Saignon;;;5.42957;43.862299
84105_0090_00970_b;970;b;Chemin de la Ginestière;84400;84105;Saignon;;;5.422077;43.867768
84105_0014_00035;35;;Rue Bourgade;84400;84105;Saignon;;;5.429686;43.862337
84105_loi34g_00086;86;;Rue Louis Jaubert;84400;84105;Saignon;;;5.44082;43.880465
84105_0680_00643;643;;Route de Pierrefiche;84400;84105;Saignon;;;5.434687;43.880977
84105_0025_00411;411;;Route de Castellet;84400;84105;Saignon;;;5.434255;43.861221
84105_0008_00047;47;;Rue Bescaume;84400;84105;Saignon;;;5.426758;43.865085
84105_0053_00486_b;486;b;Route Departementale 174;84400;84105;Saignon;;;5.429598;43.864904
84105_0021_00495;495;;Chemin des Bruns;84400;84105;Saignon;;;5.430872;43.876729
84105_0050_02040;2040;;Route Departementale 900;84400;84105;Saignon;;;5.444433;43.879155
84105_0735_00904;904;;Chemin des Tapets;84400;84105;Saignon;;;5.445345;43.89655
84105_s9obvi_02838_f;2838;f;les Gavots;84400;84105;Saignon;;;5.44106;43.872202
84105_0680_00126_b;126;b;Route de Pierrefiche;84400;84105;Saignon;;;5.440912;43.881085
84105_0735_00484;484;;Chemin des Tapets;84400;84105;Saignon;;;5.441661;43.887652
84105_0053_04033;4033;;Route Departementale 174;84400;84105;Saignon;;;5.441959;43.876715
84105_0087_01844_a;1844;a;Chemin des Fringants;84400;84105;Saignon;;;5.458262;43.865705
84105_0094_00115;115;;Chemin des Gondonnets;84400;84105;Saignon;;;5.441145;43.88372
84105_0014_00059;59;;Rue Bourgade;84400;84105;Saignon;;;5.429632;43.862243
84105_0094_00104;104;;Chemin des Gondonnets;84400;84105;Saignon;;;5.441443;43.884056
84105_0007_00416;416;;Chemin de l'Auriane;84400;84105;Saignon;;;5.415301;43.869284
84105_0053_01674;1674;;Route Departementale 174;84400;84105;Saignon;;;5.437995;43.866215
84105_0013_00176;176;;Chemin de Beau Site;84400;84105;Saignon;;;5.446757;43.884505
84105_kfpdjf_00783;783;;Départementale 231;84400;84105;Saignon;;;5.440397;43.8828
84105_0001_00214;214;;Chemin de l'Ancienne Gare;84400;84105;Saignon;;;5.447321;43.876974
84105_0055_02524;2524;;Route Départementale 48 Direction Apt;84400;84105;Saignon;;;5.413339;43.867645
84105_0090_01240_a;1240;a;Chemin de la Ginestière;84400;84105;Saignon;;;5.42271;43.869237
84105_0090_00970_b;970;b;Chemin de la Ginestière;84400;84105;Saignon;;;5.426967;43.872951
84105_0111_00016;16;;Rue de l'Horloge;84400;84105;Saignon;;;5.429173;43.863024
84105_0675_00063;63;;Allée de l'Octroi;84400;84105;Saignon;;;5.423688;43.879562
84105_0145_01058;1058;;Chemin de la Molière;84400;84105;Saignon;;;5.454166;43.854242
84105_0053_03695;3695;;Route Departementale 174;84400;84105;Saignon;;;5.439033;43.877279
84105_0005_00228;228;;Chemin de Bellegarde;84400;84105;Saignon;;;5.440533;43.866447
84105_0145_01451;1451;;Chemin de la Molière;84400;84105;Saignon;;;5.457756;43.856788
84105_0003_00137_b;137;b;Impasse Aigue Feu;84400;84105;Saignon;;;5.418364;43.863075
84105_0056_00011_b;11;b;Route Départementale 48 Direction Auribeau;84400;84105;Saignon;;;5.430076;43.861591
84105_kfpdjf_00682;682;;Départementale 231;84400;84105;Saignon;;;5.44134;43.883157
84105_0021_00158_c;158;c;Chemin des Bruns;84400;84105;Saignon;;;5.433648;43.877747
84105_0675_00009;9;;Allée de l'Octroi;84400;84105;Saignon;;;5.422885;43.879439
84105_0090_01042;1042;;Chemin de la Ginestière;84400;84105;Saignon;;;5.422195;43.868313
84105_0010_00195;195;;Chemin des Blaques;84400;84105;Saignon;;;5.445343;43.888076
84105_0036_00844;844;;Chemin du Colombier;84400;84105;Saignon;;;5.434568;43.846862
84105_0104_00333;333;;Chemin des Lauviers;84400;84105;Saignon;;;5.44575;43.860586
84105_loi34g_00251;251;;Rue Louis Jaubert;84400;84105;Saignon;;;5.438543;43.880463
84105_0002_00159;159;;Route de l'Abbaye;84400;84105;Saignon;;;5.438999;43.860879
84105_0120_00040;40;;Rue du Jas;84400;84105;Saignon;;;5.427638;43.861095
84105_0025_00989_a;989;a;Route de Castellet;84400;84105;Saignon;;;5.44135;43.859367
84105_0700_00052;52;;Rue du Quay;84400;84105;Saignon;;;5.428459;43.863285
84105_0142_00249;249;;Chemin de la Masque;84400;84105;Saignon;;;5.446819;43.888523
84105_0120_00536;536;;Rue du Jas;84400;84105;Saignon;;;5.427566;43.861653
84105_0140_00157_a;157;a;Chemin de la Maisonnette;84400;84105;Saignon;;;5.430527;43.88046
84105_0070_00194;194;;Chemin du Fangas;84400;84105;Saignon;;;5.44278;43.881614
84105_0680_00076;76;;Route de Pierrefiche;84400;84105;Saignon;;;5.441387;43.880603
84105_loi34g_00135;135;;Rue Louis Jaubert;84400;84105;Saignon;;;5.440171;43.880377
84105_0112_00134;134;;Chemin des Huppes;84400;84105;Saignon;;;5.422858;43.871464
84105_0090_01240;1240;;Chemin de la Ginestière;84400;84105;Saignon;;;5.426967;43.872951
84105_0090_02414;2414;;Chemin de la Ginestière;84400;84105;Saignon;;;5.426165;43.876998
84105_0021_00158_b;158;b;Chemin des Bruns;84400;84105;Saignon;;;5.434773;43.877689
84105_0013_00071;71;;Chemin de Beau Site;84400;84105;Saignon;;;5.445786;43.88346
84105_0054_00943_b;943;b;Route Departementale 232;84400;84105;Saignon;;;5.425744;43.854563
84105_0055_00053_h;53;h;Route Départementale 48 Direction Apt;84400;84105;Saignon;;;5.428945;43.860729
84105_0145_00350;350;;Chemin de la Molière;84400;84105;Saignon;;;5.448155;43.856743
84105_loi34g_00111;111;;Rue Louis Jaubert;84400;84105;Saignon;;;5.440794;43.880326
84105_0735_00904;904;;Chemin des Tapets;84400;84105;Saignon;;;5.444027;43.890724
84105_0111_00035;35;;Rue de l'Horloge;84400;84105;Saignon;;;5.428892;43.863426
84105_0125_00078;78;;Chemin des Lantins;84400;84105;Saignon;;;5.433522;43.866491
84105_0724_00512_a;512;a;Chemin de Saint Sauveur;84400;84105;Saignon;;;5.430813;43.873991
84105_0053_04268;4268;;Route Departementale 174;84400;84105;Saignon;;;5.442814;43.878145
84105_0060_00042;42;;Place de l’Eglise;84400;84105;Saignon;;;5.429655;43.862462
84105_0111_00084;84;;Rue de l'Horloge;84400;84105;Saignon;;;5.42903;43.862845
84105_0055_02447_b;2447;b;Route Départementale 48 Direction Apt;84400;84105;Saignon;;;5.413539;43.867284
84105_0735_02390;2390;;Chemin des Tapets;84400;84105;Saignon;;;5.451395;43.895805
84105_0013_00425;425;;Chemin de Beau Site;84400;84105;Saignon;;;5.447148;43.884909
84105_0009_00001;1;;Place Bescaume;84400;84105;Saignon;;;5.427691;43.863879
84105_w0ujky_01875;1875;;Campagne Reymonet;84400;84105;Saignon;;;5.459451;43.857558
84105_0021_00503_e;503;e;Chemin des Bruns;84400;84105;Saignon;;;5.428646;43.876814
84105_0085_00020;20;;Place de la Fontaine;84400;84105;Saignon;;;5.429183;43.862676
84105_0680_00877;877;;Route de Pierrefiche;84400;84105;Saignon;;;5.432372;43.880388
84105_0061_00054_a;54;a;Chemin d’Escudelette;84400;84105;Saignon;;;5.427316;43.845414
84105_0740_00589;589;;Chemin de Toutes Aures;84400;84105;Saignon;;;5.442359;43.892539
84105_0056_00009;9;;Route Départementale 48 Direction Auribeau;84400;84105;Saignon;;;5.430058;43.861656
84105_0145_01407_a;1407;a;Chemin de la Molière;84400;84105;Saignon;;;5.456895;43.855198
84105_0034_00044;44;;Rue de Cilly;84400;84105;Saignon;;;5.428606;43.863372
84105_0034_00060;60;;Rue de Cilly;84400;84105;Saignon;;;5.428392;43.863488
84105_0025_02573;2573;;Route de Castellet;84400;84105;Saignon;;;5.45267;43.851255
84105_0680_00675;675;;Route de Pierrefiche;84400;84105;Saignon;;;5.434418;43.880971
84105_0054_02454;2454;;Route Departementale 232;84400;84105;Saignon;;;5.419519;43.849254
84105_0055_02295;2295;;Route Départementale 48 Direction Apt;84400;84105;Saignon;;;5.413239;43.866414
84105_0094_00124;124;;Chemin des Gondonnets;84400;84105;Saignon;;;5.44113;43.884044
84105_0145_01025;1025;;Chemin de la Molière;84400;84105;Saignon;;;5.453932;43.854431
84105_0704_00091;91;;Allée de la Reybaude;84400;84105;Saignon;;;5.423932;43.879171
84105_0053_04028;4028;;Route Departementale 174;84400;84105;Saignon;;;5.441905;43.876396
84105_0010_00434_b;434;b;Chemin des Blaques;84400;84105;Saignon;;;5.447003;43.889841
84105_0034_00014;14;;Rue de Cilly;84400;84105;Saignon;;;5.428829;43.863142
84105_0682_00174;174;;Chemin des Plaines;84400;84105;Saignon;;;5.420733;43.860722
84105_kfpdjf_01424_c;1424;c;Départementale 231;84400;84105;Saignon;;;5.433366;43.883278
84105_0055_02257;2257;;Route Départementale 48 Direction Apt;84400;84105;Saignon;;;5.414072;43.866077
84105_0145_01407_b;1407;b;Chemin de la Molière;84400;84105;Saignon;;;5.456765;43.855185
84105_0010_00402;402;;Chemin des Blaques;84400;84105;Saignon;;;5.446311;43.889605
84105_dz7ekx_00589;589;;les Blaques;84400;84105;Saignon;;;5.442993;43.892844
84105_0735_00435_b;435;b;Chemin des Tapets;84400;84105;Saignon;;;5.439503;43.886022
84105_0025_00022_f;22;f;Route de Castellet;84400;84105;Saignon;;;5.43029;43.86175
84105_0120_00345;345;;Rue du Jas;84400;84105;Saignon;;;5.427812;43.863284
84105_0675_00107;107;;Allée de l'Octroi;84400;84105;Saignon;;;5.424494;43.879641
84105_0053_01863_a;1863;a;Route Departementale 174;84400;84105;Saignon;;;5.436289;43.867844
84105_0094_00060_d;60;d;Chemin des Gondonnets;84400;84105;Saignon;;;5.442405;43.883487
84105_0003_00144;144;;Impasse Aigue Feu;84400;84105;Saignon;;;5.41811;43.863158
84105_0055_02009;2009;;Route Départementale 48 Direction Apt;84400;84105;Saignon;;;5.415883;43.864682
84105_0034_00025;25;;Rue de Cilly;84400;84105;Saignon;;;5.429035;43.863084
84105_0053_02683_a;2683;a;Route Departementale 174;84400;84105;Saignon;;;5.438055;43.871731
84105_0111_00058;58;;Rue de l'Horloge;84400;84105;Saignon;;;5.428319;43.863514
84105_0054_01830_e;1830;e;Route Departementale 232;84400;84105;Saignon;;;5.421395;43.853305
84105_0005_00577;577;;Chemin de Bellegarde;84400;84105;Saignon;;;5.443595;43.866906
84105_0034_00037;37;;Rue de Cilly;84400;84105;Saignon;;;5.42861;43.863235
84105_0112_00324;324;;Chemin des Huppes;84400;84105;Saignon;;;5.421719;43.873408
84105_0024_00075;75;;Rue de Cassy;84400;84105;Saignon;;;5.428452;43.864029
84105_0142_00113;113;;Chemin de la Masque;84400;84105;Saignon;;;5.448021;43.888724
84105_0704_00307;307;;Allée de la Reybaude;84400;84105;Saignon;;;5.426199;43.878938
