id;numero;rep;nom_voie;code_postal;code_insee;nom_commune;nom_ancienne_commune;nom_ld;lon;lat
42033_0028_00284;284;;Chemin du Poizat;42460;42033;Le Cergne;;;4.314274;46.121795
42033_0037_00097;97;;Chemin de Verville;42460;42033;Le Cergne;;;4.306801;46.11537
42033_0001_01266;1266;;Route de Fontimpe;42460;42033;Le Cergne;;;4.314391;46.130503
42033_0038_00054;54;;Chemin du Bois de Joux;42460;42033;Le Cergne;;;4.306338;46.120811
42033_0038_00219;219;;Chemin du Bois de Joux;42460;42033;Le Cergne;;;4.30513;46.119188
42033_0025_00500;500;;Chemin du Munet;42460;42033;Le Cergne;;;4.30984;46.118907
42033_0003_00300;300;;Route de Cours;42460;42033;Le Cergne;;;4.306394;46.120876
42033_0005_00180;180;;Chemin des Erables;42460;42033;Le Cergne;;;4.309008;46.123779
42033_0005_00291;291;;Chemin des Erables;42460;42033;Le Cergne;;;4.309587;46.124333
42033_cwvuzw_00217;217;;Le Poizat;42460;42033;Le Cergne;;;4.315775;46.123489
42033_4a6efo_00100;100;;Verville;42460;42033;Le Cergne;;;4.30614;46.113372
42033_0007_00090;90;;Impasse de Bellevue;42460;42033;Le Cergne;;;4.309051;46.123016
42033_0037_00350;350;;Chemin de Verville;42460;42033;Le Cergne;;;4.30419;46.113086
42033_0037_00416;416;;Chemin de Verville;42460;42033;Le Cergne;;;4.303912;46.112453
42033_0037_00715;715;;Chemin de Verville;42460;42033;Le Cergne;;;4.305889;46.110303
42033_0022_00055;55;;Impasse du Jujubier;42460;42033;Le Cergne;;;4.297425;46.116123
42033_0001_01371;1371;;Route de Fontimpe;42460;42033;Le Cergne;;;4.315915;46.130464
42033_0038_00179;179;;Chemin du Bois de Joux;42460;42033;Le Cergne;;;4.305239;46.119535
42033_0025_00045;45;;Chemin du Munet;42460;42033;Le Cergne;;;4.30898;46.121879
42033_0033_00050;50;;Chemin des Ronzières;42460;42033;Le Cergne;;;4.295718;46.119182
42033_0033_00115;115;;Chemin des Ronzières;42460;42033;Le Cergne;;;4.29515;46.118807
42033_0003_00466;466;;Route de Cours;42460;42033;Le Cergne;;;4.30642;46.120785
42033_0030_00030;30;;Chemin de la Pouge;42460;42033;Le Cergne;;;4.289536;46.120205
42033_0028_00145;145;;Chemin du Poizat;42460;42033;Le Cergne;;;4.314722;46.122394
42033_0001_01161;1161;;Route de Fontimpe;42460;42033;Le Cergne;;;4.313614;46.130063
42033_0001_02331;2331;;Route de Fontimpe;42460;42033;Le Cergne;;;4.319825;46.119707
42033_0025_00766;766;;Chemin du Munet;42460;42033;Le Cergne;;;4.30753;46.116795
42033_0027_00095;95;;Chemin des Pins;42460;42033;Le Cergne;;;4.29846;46.117508
42033_0003_00852;852;;Route de Cours;42460;42033;Le Cergne;;;4.306704;46.11338
42033_0003_00858;858;;Route de Cours;42460;42033;Le Cergne;;;4.306495;46.113042
42033_0005_00335;335;;Chemin des Erables;42460;42033;Le Cergne;;;4.30996;46.124697
42033_0007_00164;164;;Impasse de Bellevue;42460;42033;Le Cergne;;;4.308994;46.122678
42033_0011_00100;100;;Chemin de Chabas;42460;42033;Le Cergne;;;4.28841;46.118165
42033_0037_00120;120;;Chemin de Verville;42460;42033;Le Cergne;;;4.30426;46.113181
42033_0037_00700;700;;Chemin de Verville;42460;42033;Le Cergne;;;4.304406;46.106026
42033_0001_00056;56;;Route de Fontimpe;42460;42033;Le Cergne;;;4.307245;46.122341
42033_0001_00143;143;;Route de Fontimpe;42460;42033;Le Cergne;;;4.307311;46.123134
42033_0001_00977;977;;Route de Fontimpe;42460;42033;Le Cergne;;;4.312597;46.128651
42033_0001_01765;1765;;Route de Fontimpe;42460;42033;Le Cergne;;;4.317375;46.127455
42033_0001_02571;2571;;Route de Fontimpe;42460;42033;Le Cergne;;;4.319842;46.119616
42033_0003_00079;79;;Route de Cours;42460;42033;Le Cergne;;;4.306788;46.115757
42033_0003_00119;119;;Route de Cours;42460;42033;Le Cergne;;;4.306794;46.115703
42033_0003_00401;401;;Route de Cours;42460;42033;Le Cergne;;;4.306807;46.115574
42033_0030_00091;91;;Chemin de la Pouge;42460;42033;Le Cergne;;;4.288945;46.120577
42033_0005_00042;42;;Chemin des Erables;42460;42033;Le Cergne;;;4.307927;46.122943
42033_0007_00061;61;;Impasse de Bellevue;42460;42033;Le Cergne;;;4.308501;46.122478
42033_0028_00035;35;;Chemin du Poizat;42460;42033;Le Cergne;;;4.31418;46.121581
42033_0028_00217;217;;Chemin du Poizat;42460;42033;Le Cergne;;;4.315553;46.122591
42033_0037_00407;407;;Chemin de Verville;42460;42033;Le Cergne;;;4.304077;46.112621
42033_0037_00671;671;;Chemin de Verville;42460;42033;Le Cergne;;;4.305703;46.110867
42033_0001_00132;132;;Route de Fontimpe;42460;42033;Le Cergne;;;4.307419;46.123066
42033_0001_01354;1354;;Route de Fontimpe;42460;42033;Le Cergne;;;4.315961;46.130385
42033_0001_01836;1836;;Route de Fontimpe;42460;42033;Le Cergne;;;4.317296;46.127123
42033_0033_00055;55;;Chemin des Ronzières;42460;42033;Le Cergne;;;4.295655;46.119016
42033_0003_00387;387;;Route de Cours;42460;42033;Le Cergne;;;4.306806;46.11558
42033_0003_00890;890;;Route de Cours;42460;42033;Le Cergne;;;4.306394;46.112825
42033_0005_00210;210;;Chemin des Erables;42460;42033;Le Cergne;;;4.309045;46.123806
42033_0024_00160;160;;Chemin de la Madone;42460;42033;Le Cergne;;;4.311441;46.129176
42033_0024_00231;231;;Chemin de la Madone;42460;42033;Le Cergne;;;4.311493;46.129866
42033_0002_00174;174;;Route de la Buche;42460;42033;Le Cergne;;;4.308692;46.122043
42033_0002_00615;615;;Route de la Buche;42460;42033;Le Cergne;;;4.313653;46.122419
42033_0016_00058;58;;Rue de la Fontaine;42460;42033;Le Cergne;;;4.30685;46.121515
42033_0023_00383;383;;Chemin de Lassy;42460;42033;Le Cergne;;;4.31458;46.124703
42033_0017_00090;90;;Rue des Genets;42460;42033;Le Cergne;;;4.311284;46.122515
42033_0017_00146;146;;Rue des Genets;42460;42033;Le Cergne;;;4.311884;46.122316
42033_0021_00091;91;;Chemin des Harrivières Haut;42460;42033;Le Cergne;;;4.303336;46.126808
42033_0019_00040_bis;40;bis;Chemin des Grives;42460;42033;Le Cergne;;;4.291949;46.118745
42033_0032_00226;226;;Chemin du Ravier;42460;42033;Le Cergne;;;4.29762;46.117452
42033_0015_00003;3;;Route de Cuinzier;42460;42033;Le Cergne;;;4.286604;46.112107
42033_0035_00023;23;;Passage des Tisseurs;42460;42033;Le Cergne;;;4.3071;46.121523
42033_0024_00221;221;;Chemin de la Madone;42460;42033;Le Cergne;;;4.310865;46.129847
42033_0002_00018;18;;Route de la Buche;42460;42033;Le Cergne;;;4.306993;46.12124
42033_0002_00185;185;;Route de la Buche;42460;42033;Le Cergne;;;4.308598;46.122101
42033_0002_00690;690;;Route de la Buche;42460;42033;Le Cergne;;;4.313772;46.12178
42033_0006_00075;75;;Route d'Arcinges;42460;42033;Le Cergne;;;4.306617;46.12341
42033_0012_00461;461;;Chemin des Chataigniers;42460;42033;Le Cergne;;;4.314347;46.120716
42033_0004_01750;1750;;Route de la Croix Couverte;42460;42033;Le Cergne;;;4.290624;46.111089
42033_0017_00041;41;;Rue des Genets;42460;42033;Le Cergne;;;4.310809;46.122192
42033_0017_00081;81;;Rue des Genets;42460;42033;Le Cergne;;;4.310966;46.122505
42033_0017_00150;150;;Rue des Genets;42460;42033;Le Cergne;;;4.311862;46.122318
42033_0021_00027;27;;Chemin des Harrivières Haut;42460;42033;Le Cergne;;;4.304442;46.126679
42033_0021_00120;120;;Chemin des Harrivières Haut;42460;42033;Le Cergne;;;4.302924;46.126961
42033_0042_01980;1980;;Route de Chabas;42460;42033;Le Cergne;;;4.288256;46.119136
42033_0039_00225;225;;Chemin de Bellevue;42460;42033;Le Cergne;;;4.30997;46.122763
42033_0008_00770;770;;montée du bois de joux;42460;42033;Le Cergne;;;4.301916;46.108946
42033_0028_00161;161;;Chemin du Poizat;42460;42033;Le Cergne;;;4.314872;46.122477
42033_0037_00125;125;;Chemin de Verville;42460;42033;Le Cergne;;;4.306796;46.115342
42033_0037_00555;555;;Chemin de Verville;42460;42033;Le Cergne;;;4.304721;46.11158
42033_0037_00685;685;;Chemin de Verville;42460;42033;Le Cergne;;;4.305787;46.110647
42033_0001_00196;196;;Route de Fontimpe;42460;42033;Le Cergne;;;4.307454;46.123614
42033_0001_02335;2335;;Route de Fontimpe;42460;42033;Le Cergne;;;4.319825;46.119707
42033_0001_02504;2504;;Route de Fontimpe;42460;42033;Le Cergne;;;4.319145;46.120716
42033_0033_00060;60;;Chemin des Ronzières;42460;42033;Le Cergne;;;4.29556;46.119064
42033_0003_00274;274;;Route de Cours;42460;42033;Le Cergne;;;4.306399;46.120856
42033_0003_00775;775;;Route de Cours;42460;42033;Le Cergne;;;4.307085;46.114114
42033_0002_00014;14;;Route de la Buche;42460;42033;Le Cergne;;;4.30679;46.121116
42033_0023_00331;331;;Chemin de Lassy;42460;42033;Le Cergne;;;4.314488;46.124495
42033_0006_01280;1280;;Route d'Arcinges;42460;42033;Le Cergne;;;4.298577;46.128015
42033_0012_00055;55;;Chemin des Chataigniers;42460;42033;Le Cergne;;;4.309648;46.121876
42033_0017_00035;35;;Rue des Genets;42460;42033;Le Cergne;;;4.310798;46.122143
42033_0021_00194;194;;Chemin des Harrivières Haut;42460;42033;Le Cergne;;;4.301699;46.127137
42033_0021_00391;391;;Chemin des Harrivières Haut;42460;42033;Le Cergne;;;4.299871;46.127534
42033_0042_00100;100;;Route de Chabas;42460;42033;Le Cergne;;;4.300385;46.11788
42033_0015_00001;1;;Route de Cuinzier;42460;42033;Le Cergne;;;4.290381;46.111124
42033_0001_00020;20;;Route de Fontimpe;42460;42033;Le Cergne;;;4.307145;46.122099
42033_0027_00090;90;;Chemin des Pins;42460;42033;Le Cergne;;;4.299338;46.117648
42033_0003_00001;1;;Route de Cours;42460;42033;Le Cergne;;;4.306788;46.115757
42033_0003_00574;574;;Route de Cours;42460;42033;Le Cergne;;;4.306425;46.120763
42033_0003_01085;1085;;Route de Cours;42460;42033;Le Cergne;;;4.307168;46.111453
42033_0024_00011;11;;Chemin de la Madone;42460;42033;Le Cergne;;;4.311987;46.128456
42033_cwvuzw_00145;145;;Le Poizat;42460;42033;Le Cergne;;;4.315361;46.123579
42033_0037_00149;149;;Chemin de Verville;42460;42033;Le Cergne;;;4.306793;46.115319
42033_0037_00701;701;;Chemin de Verville;42460;42033;Le Cergne;;;4.305805;46.11059
42033_0022_00030;30;;Impasse du Jujubier;42460;42033;Le Cergne;;;4.297591;46.116046
42033_0001_01210;1210;;Route de Fontimpe;42460;42033;Le Cergne;;;4.313923;46.130602
42033_0001_02466;2466;;Route de Fontimpe;42460;42033;Le Cergne;;;4.318513;46.12167
42033_0038_00117;117;;Chemin du Bois de Joux;42460;42033;Le Cergne;;;4.305699;46.12001
42033_0025_00080;80;;Chemin du Munet;42460;42033;Le Cergne;;;4.309056;46.121757
42033_0003_00251;251;;Route de Cours;42460;42033;Le Cergne;;;4.306788;46.115757
42033_0016_00022;22;;Rue de la Fontaine;42460;42033;Le Cergne;;;4.306713;46.121268
42033_0016_00049;49;;Rue de la Fontaine;42460;42033;Le Cergne;;;4.306764;46.121586
42033_0023_00011;11;;Chemin de Lassy;42460;42033;Le Cergne;;;4.31136;46.123101
42033_0023_00200;200;;Chemin de Lassy;42460;42033;Le Cergne;;;4.313834;46.123389
42033_0029_00131;131;;Chemin du Pothier;42460;42033;Le Cergne;;;4.299052;46.118531
42033_0012_00124;124;;Chemin des Chataigniers;42460;42033;Le Cergne;;;4.310618;46.121748
42033_0004_00240;240;;Route de la Croix Couverte;42460;42033;Le Cergne;;;4.304459;46.11986
42033_0017_00026;26;;Rue des Genets;42460;42033;Le Cergne;;;4.310908;46.122119
42033_0034_00369;369;;Chemin des Ruisseaux;42460;42033;Le Cergne;;;4.311949;46.125657
42033_0032_00336;336;;Chemin du Ravier;42460;42033;Le Cergne;;;4.29734;46.115761
42033_0020_01146;1146;;Chemin des Harrivières Bas;42460;42033;Le Cergne;;;4.301267;46.126565
42033_0016_00021;21;;Rue de la Fontaine;42460;42033;Le Cergne;;;4.306632;46.121347
42033_0016_00034;34;;Rue de la Fontaine;42460;42033;Le Cergne;;;4.306824;46.121469
42033_0016_00057;57;;Rue de la Fontaine;42460;42033;Le Cergne;;;4.306737;46.121537
42033_0023_00147;147;;Chemin de Lassy;42460;42033;Le Cergne;;;4.312815;46.123175
42033_0004_00106;106;;Route de la Croix Couverte;42460;42033;Le Cergne;;;4.305364;46.120533
42033_0004_00152;152;;Route de la Croix Couverte;42460;42033;Le Cergne;;;4.304927;46.120277
42033_0004_00180;180;;Route de la Croix Couverte;42460;42033;Le Cergne;;;4.304687;46.120097
42033_0004_01270;1270;;Route de la Croix Couverte;42460;42033;Le Cergne;;;4.295116;46.113837
42033_0010_00126;126;;Chemin du Calvaire;42460;42033;Le Cergne;;;4.300362;46.12448
42033_0015_00002;2;;Route de Cuinzier;42460;42033;Le Cergne;;;4.283482;46.114819
42033_0036_00001;1;;Place de Verdun;42460;42033;Le Cergne;;;4.306176;46.120669
42033_0007_00225;225;;Impasse de Bellevue;42460;42033;Le Cergne;;;4.309173;46.122826
42033_0037_00081;81;;Chemin de Verville;42460;42033;Le Cergne;;;4.306803;46.115386
42033_0037_00218;218;;Chemin de Verville;42460;42033;Le Cergne;;;4.30426;46.113181
42033_0001_00046;46;;Route de Fontimpe;42460;42033;Le Cergne;;;4.307253;46.122368
42033_0001_00966;966;;Route de Fontimpe;42460;42033;Le Cergne;;;4.312604;46.128295
42033_0001_01200;1200;;Route de Fontimpe;42460;42033;Le Cergne;;;4.313868;46.130456
42033_0001_01255;1255;;Route de Fontimpe;42460;42033;Le Cergne;;;4.314288;46.130608
42033_0038_00170;170;;Chemin du Bois de Joux;42460;42033;Le Cergne;;;4.306328;46.120772
42033_0025_00635;635;;Chemin du Munet;42460;42033;Le Cergne;;;4.309069;46.118388
42033_0025_00874;874;;Chemin du Munet;42460;42033;Le Cergne;;;4.307044;46.116306
42033_0033_00016;16;;Chemin des Ronzières;42460;42033;Le Cergne;;;4.296051;46.119373
42033_0033_00140;140;;Chemin des Ronzières;42460;42033;Le Cergne;;;4.294573;46.119038
42033_0003_00050;50;;Route de Cours;42460;42033;Le Cergne;;;4.306363;46.120939
42033_0003_01040;1040;;Route de Cours;42460;42033;Le Cergne;;;4.306962;46.111479
42033_0005_00025;25;;Chemin des Erables;42460;42033;Le Cergne;;;4.307481;46.122732
42033_0005_00256;256;;Chemin des Erables;42460;42033;Le Cergne;;;4.309447;46.124115
42033_0024_00425;425;;Chemin de la Madone;42460;42033;Le Cergne;;;4.312962;46.130794
42033_0002_00033;33;;Route de la Buche;42460;42033;Le Cergne;;;4.306952;46.121321
42033_0002_00365;365;;Route de la Buche;42460;42033;Le Cergne;;;4.310653;46.122762
42033_0023_00321;321;;Chemin de Lassy;42460;42033;Le Cergne;;;4.314301;46.124037
42033_0006_00624;624;;Route d'Arcinges;42460;42033;Le Cergne;;;4.306577;46.127088
42033_0012_00425;425;;Chemin des Chataigniers;42460;42033;Le Cergne;;;4.313446;46.121306
42033_0004_00170;170;;Route de la Croix Couverte;42460;42033;Le Cergne;;;4.304757;46.120162
42033_0004_01577;1577;;Route de la Croix Couverte;42460;42033;Le Cergne;;;4.291581;46.112634
42033_0017_00071;71;;Rue des Genets;42460;42033;Le Cergne;;;4.310907;46.122439
42033_0017_00178;178;;Rue des Genets;42460;42033;Le Cergne;;;4.31226;46.122342
42033_0026_00010;10;;Chemin des Oiseaux;42460;42033;Le Cergne;;;4.298693;46.118092
42033_0002_00002;2;;Route de la Buche;42460;42033;Le Cergne;;;4.306773;46.121108
42033_0023_00075;75;;Chemin de Lassy;42460;42033;Le Cergne;;;4.312191;46.123099
42033_0023_00265;265;;Chemin de Lassy;42460;42033;Le Cergne;;;4.314127;46.123732
42033_0023_00333;333;;Chemin de Lassy;42460;42033;Le Cergne;;;4.314498;46.124536
42033_0004_00044;44;;Route de la Croix Couverte;42460;42033;Le Cergne;;;4.306018;46.120841
42033_0024_00120;120;;Chemin de la Madone;42460;42033;Le Cergne;;;4.311552;46.128943
42033_0024_00175;175;;Chemin de la Madone;42460;42033;Le Cergne;;;4.311062;46.129553
42033_0002_00275;275;;Route de la Buche;42460;42033;Le Cergne;;;4.309502;46.122297
42033_0002_00470;470;;Route de la Buche;42460;42033;Le Cergne;;;4.312049;46.122628
42033_0016_00018;18;;Rue de la Fontaine;42460;42033;Le Cergne;;;4.306751;46.121337
42033_0023_00027;27;;Chemin de Lassy;42460;42033;Le Cergne;;;4.311751;46.123106
42033_0023_00191;191;;Chemin de Lassy;42460;42033;Le Cergne;;;4.313258;46.123375
42033_0023_00270;270;;Chemin de Lassy;42460;42033;Le Cergne;;;4.314224;46.123675
42033_0012_00155;155;;Chemin des Chataigniers;42460;42033;Le Cergne;;;4.310846;46.121924
42033_0017_00082;82;;Rue des Genets;42460;42033;Le Cergne;;;4.311189;46.122512
42033_0017_00172;172;;Rue des Genets;42460;42033;Le Cergne;;;4.312193;46.122323
42033_0014_00301;301;;Route du Cergne;42460;42033;Le Cergne;;;4.285268;46.12215
42033_0004_00454;454;;Route de la Croix Couverte;42460;42033;Le Cergne;;;4.304405;46.119792
42033_0017_00110;110;;Rue des Genets;42460;42033;Le Cergne;;;4.311499;46.122446
42033_0042_00002;2;;Route de Chabas;42460;42033;Le Cergne;;;4.304425;46.119874
42033_0020_00695;695;;Chemin des Harrivières Bas;42460;42033;Le Cergne;;;4.302829;46.123262
42033_0018_00076;76;;Impasse des Gites;42460;42033;Le Cergne;;;4.312686;46.121108
42033_0011_00080;80;;Chemin de Chabas;42460;42033;Le Cergne;;;4.28865;46.118185
42033_0028_00219;219;;Chemin du Poizat;42460;42033;Le Cergne;;;4.317432;46.122995
42033_0001_01389;1389;;Route de Fontimpe;42460;42033;Le Cergne;;;4.315654;46.13045
42033_0038_00094;94;;Chemin du Bois de Joux;42460;42033;Le Cergne;;;4.306335;46.120798
42033_0003_00383;383;;Route de Cours;42460;42033;Le Cergne;;;4.306788;46.115757
42033_0003_00854;854;;Route de Cours;42460;42033;Le Cergne;;;4.306781;46.113479
42033_0030_00050;50;;Chemin de la Pouge;42460;42033;Le Cergne;;;4.289221;46.120484
42033_0005_00308;308;;Chemin des Erables;42460;42033;Le Cergne;;;4.309846;46.12442
42033_0002_00125;125;;Route de la Buche;42460;42033;Le Cergne;;;4.307795;46.121822
42033_0016_00037;37;;Rue de la Fontaine;42460;42033;Le Cergne;;;4.30671;46.121487
42033_0004_00030;30;;Route de la Croix Couverte;42460;42033;Le Cergne;;;4.306167;46.120914
42033_0004_00150;150;;Route de la Croix Couverte;42460;42033;Le Cergne;;;4.304945;46.120289
42033_0004_00511;511;;Route de la Croix Couverte;42460;42033;Le Cergne;;;4.3019;46.117756
42033_0017_00099;99;;Rue des Genets;42460;42033;Le Cergne;;;4.311145;46.122586
42033_0031_00040;40;;Chemin Puillet;42460;42033;Le Cergne;;;4.306152;46.121298
42033_0032_00335;335;;Chemin du Ravier;42460;42033;Le Cergne;;;4.297782;46.1164
42033_0039_00164;164;;Chemin de Bellevue;42460;42033;Le Cergne;;;4.309281;46.12252
42033_0009_00310;310;;Chemin de la Bourbonnaise;42460;42033;Le Cergne;;;4.283567;46.120019
42033_0026_00141;141;;Chemin des Oiseaux;42460;42033;Le Cergne;;;4.297642;46.118938
42033_cwvuzw_00351;351;;Le Poizat;42460;42033;Le Cergne;;;4.315808;46.123566
42033_0007_00095;95;;Impasse de Bellevue;42460;42033;Le Cergne;;;4.308847;46.123032
42033_0011_00060;60;;Chemin de Chabas;42460;42033;Le Cergne;;;4.288968;46.118048
42033_0028_00351;351;;Chemin du Poizat;42460;42033;Le Cergne;;;4.317135;46.122732
42033_0037_00103;103;;Chemin de Verville;42460;42033;Le Cergne;;;4.3068;46.115364
42033_0001_00388;388;;Route de Fontimpe;42460;42033;Le Cergne;;;4.307998;46.12521
42033_0001_01097;1097;;Route de Fontimpe;42460;42033;Le Cergne;;;4.313544;46.129532
42033_0001_01701;1701;;Route de Fontimpe;42460;42033;Le Cergne;;;4.317589;46.128328
42033_0001_02592;2592;;Route de Fontimpe;42460;42033;Le Cergne;;;4.319315;46.12049
42033_0038_00190;190;;Chemin du Bois de Joux;42460;42033;Le Cergne;;;4.306326;46.120765
42033_0025_00340;340;;Chemin du Munet;42460;42033;Le Cergne;;;4.309988;46.119509
42033_0025_00770;770;;Chemin du Munet;42460;42033;Le Cergne;;;4.307329;46.116631
42033_0033_00100;100;;Chemin des Ronzières;42460;42033;Le Cergne;;;4.294932;46.118909
42033_0003_00106;106;;Route de Cours;42460;42033;Le Cergne;;;4.30638;46.120921
42033_0003_00304;304;;Route de Cours;42460;42033;Le Cergne;;;4.3064;46.120853
42033_0003_00850;850;;Route de Cours;42460;42033;Le Cergne;;;4.306807;46.113514
42033_0030_00136;136;;Chemin de la Pouge;42460;42033;Le Cergne;;;4.288708;46.120956
42033_0005_00040;40;;Chemin des Erables;42460;42033;Le Cergne;;;4.307927;46.122943
42033_0005_00274;274;;Chemin des Erables;42460;42033;Le Cergne;;;4.309664;46.124274
42033_0023_00096;96;;Chemin de Lassy;42460;42033;Le Cergne;;;4.312396;46.123018
42033_0012_00565;565;;Chemin des Chataigniers;42460;42033;Le Cergne;;;4.315135;46.120329
42033_0004_00050;50;;Route de la Croix Couverte;42460;42033;Le Cergne;;;4.305953;46.120812
42033_0004_00139;139;;Route de la Croix Couverte;42460;42033;Le Cergne;;;4.305062;46.120254
42033_0004_01065;1065;;Route de la Croix Couverte;42460;42033;Le Cergne;;;4.29751;46.114531
42033_0021_00300;300;;Chemin des Harrivières Haut;42460;42033;Le Cergne;;;4.300956;46.127229
42033_0042_00060;60;;Route de Chabas;42460;42033;Le Cergne;;;4.300406;46.117877
42033_0042_01915;1915;;Route de Chabas;42460;42033;Le Cergne;;;4.289342;46.117659
42033_0039_00231;231;;Chemin de Bellevue;42460;42033;Le Cergne;;;4.310148;46.122904
42033_0013_00433;433;;Chemin de Chavanis;42460;42033;Le Cergne;;;4.310009;46.114063
42033_0024_00123;123;;Chemin de la Madone;42460;42033;Le Cergne;;;4.311409;46.129858
42033_0002_00279;279;;Route de la Buche;42460;42033;Le Cergne;;;4.310265;46.122449
42033_0016_00068;68;;Rue de la Fontaine;42460;42033;Le Cergne;;;4.306926;46.121726
42033_0029_00126;126;;Chemin du Pothier;42460;42033;Le Cergne;;;4.299122;46.118594
42033_0029_00270;270;;Chemin du Pothier;42460;42033;Le Cergne;;;4.299052;46.118531
42033_0012_00273;273;;Chemin des Chataigniers;42460;42033;Le Cergne;;;4.312644;46.121954
42033_0042_00778;778;;Route de Chabas;42460;42033;Le Cergne;;;4.296356;46.119487
42033_0031_00070;70;;Chemin Puillet;42460;42033;Le Cergne;;;4.305683;46.121522
42033_0032_00270;270;;Chemin du Ravier;42460;42033;Le Cergne;;;4.29757;46.11707
42033_cwvuzw_00035;35;;Le Poizat;42460;42033;Le Cergne;;;4.314227;46.123588
42033_cwvuzw_00161;161;;Le Poizat;42460;42033;Le Cergne;;;4.315649;46.123516
42033_0007_00013;13;;Impasse de Bellevue;42460;42033;Le Cergne;;;4.308622;46.122566
42033_0007_00066;66;;Impasse de Bellevue;42460;42033;Le Cergne;;;4.309166;46.122819
42033_0037_00731;731;;Chemin de Verville;42460;42033;Le Cergne;;;4.30589;46.110295
42033_0022_00041;41;;Impasse du Jujubier;42460;42033;Le Cergne;;;4.297474;46.116031
42033_0001_01761;1761;;Route de Fontimpe;42460;42033;Le Cergne;;;4.31751;46.127929
42033_0038_00770;770;;Chemin du Bois de Joux;42460;42033;Le Cergne;;;4.306326;46.120765
42033_0025_00216;216;;Chemin du Munet;42460;42033;Le Cergne;;;4.310173;46.120795
42033_0003_00129;129;;Route de Cours;42460;42033;Le Cergne;;;4.306794;46.115698
42033_0003_00420;420;;Route de Cours;42460;42033;Le Cergne;;;4.306407;46.12083
42033_0005_00044;44;;Chemin des Erables;42460;42033;Le Cergne;;;4.307722;46.122794
42033_0024_00361;361;;Chemin de la Madone;42460;42033;Le Cergne;;;4.312189;46.130177
42033_0016_00051;51;;Rue de la Fontaine;42460;42033;Le Cergne;;;4.306764;46.121586
42033_0016_00074;74;;Rue de la Fontaine;42460;42033;Le Cergne;;;4.306951;46.121805
42033_0006_00076;76;;Route d'Arcinges;42460;42033;Le Cergne;;;4.306776;46.123795
42033_0012_00511;511;;Chemin des Chataigniers;42460;42033;Le Cergne;;;4.314621;46.120578
42033_0004_00120;120;;Route de la Croix Couverte;42460;42033;Le Cergne;;;4.305225;46.120458
42033_0004_00175;175;;Route de la Croix Couverte;42460;42033;Le Cergne;;;4.304767;46.120039
42033_0004_01085;1085;;Route de la Croix Couverte;42460;42033;Le Cergne;;;4.297314;46.11446
42033_0017_00011;11;;Rue des Genets;42460;42033;Le Cergne;;;4.310739;46.121955
42033_0017_00191;191;;Rue des Genets;42460;42033;Le Cergne;;;4.312161;46.122401
42033_0042_00051;51;;Route de Chabas;42460;42033;Le Cergne;;;4.304198;46.119608
42033_0019_00040;40;;Chemin des Grives;42460;42033;Le Cergne;;;4.291978;46.118829
42033_0020_01119;1119;;Chemin des Harrivières Bas;42460;42033;Le Cergne;;;4.301195;46.126261
42033_cwvuzw_00095;95;;Le Poizat;42460;42033;Le Cergne;;;4.314227;46.123588
42033_4a6efo_00081;81;;Verville;42460;42033;Le Cergne;;;4.30614;46.113372
42033_0037_00352;352;;Chemin de Verville;42460;42033;Le Cergne;;;4.30419;46.113086
42033_0001_00038;38;;Route de Fontimpe;42460;42033;Le Cergne;;;4.307189;46.122189
42033_0001_00085;85;;Route de Fontimpe;42460;42033;Le Cergne;;;4.307199;46.12265
42033_0001_00889;889;;Route de Fontimpe;42460;42033;Le Cergne;;;4.312475;46.128245
42033_0001_01235;1235;;Route de Fontimpe;42460;42033;Le Cergne;;;4.313811;46.130623
42033_0001_01934;1934;;Route de Fontimpe;42460;42033;Le Cergne;;;4.317699;46.12601
42033_0001_00143_bis;143;bis;Route de Fontimpe;42460;42033;Le Cergne;;;4.307311;46.123134
42033_0038_00110;110;;Chemin du Bois de Joux;42460;42033;Le Cergne;;;4.306333;46.120792
42033_0027_00080;80;;Chemin des Pins;42460;42033;Le Cergne;;;4.297965;46.117587
42033_0027_00100;100;;Chemin des Pins;42460;42033;Le Cergne;;;4.297965;46.117587
42033_0033_00740;740;;Chemin des Ronzières;42460;42033;Le Cergne;;;4.287588;46.120457
42033_0003_00330;330;;Route de Cours;42460;42033;Le Cergne;;;4.306406;46.120834
42033_0003_00617;617;;Route de Cours;42460;42033;Le Cergne;;;4.306817;46.115475
42033_0003_00960;960;;Route de Cours;42460;42033;Le Cergne;;;4.306223;46.112388
42033_0005_00150;150;;Chemin des Erables;42460;42033;Le Cergne;;;4.308686;46.123539
42033_0005_00310;310;;Chemin des Erables;42460;42033;Le Cergne;;;4.310011;46.124597
42033_0024_00176;176;;Chemin de la Madone;42460;42033;Le Cergne;;;4.311172;46.129566
42033_0016_00025;25;;Rue de la Fontaine;42460;42033;Le Cergne;;;4.306644;46.121369
42033_0016_00061;61;;Rue de la Fontaine;42460;42033;Le Cergne;;;4.306755;46.12157
42033_0023_00136;136;;Chemin de Lassy;42460;42033;Le Cergne;;;4.312858;46.123099
42033_0023_00245;245;;Chemin de Lassy;42460;42033;Le Cergne;;;4.313572;46.123435
42033_0029_00160;160;;Chemin du Pothier;42460;42033;Le Cergne;;;4.299113;46.118599
42033_0012_00094;94;;Chemin des Chataigniers;42460;42033;Le Cergne;;;4.310091;46.121759
42033_0012_00519;519;;Chemin des Chataigniers;42460;42033;Le Cergne;;;4.314891;46.120443
42033_0004_00084;84;;Route de la Croix Couverte;42460;42033;Le Cergne;;;4.305593;46.120645
42033_0004_00155;155;;Route de la Croix Couverte;42460;42033;Le Cergne;;;4.304927;46.120164
42033_0004_01741;1741;;Route de la Croix Couverte;42460;42033;Le Cergne;;;4.290855;46.111275
42033_0017_00120;120;;Rue des Genets;42460;42033;Le Cergne;;;4.311605;46.122407
42033_0017_00190;190;;Rue des Genets;42460;42033;Le Cergne;;;4.312334;46.122369
42033_0010_00284;284;;Chemin du Calvaire;42460;42033;Le Cergne;;;4.298763;46.12408
42033_0020_01124;1124;;Chemin des Harrivières Bas;42460;42033;Le Cergne;;;4.301319;46.126376
42033_0026_00002;2;;Chemin des Oiseaux;42460;42033;Le Cergne;;;4.298718;46.118072
42033_0013_00426;426;;Chemin de Chavanis;42460;42033;Le Cergne;;;4.310037;46.113986
42033_0037_00003;3;;Chemin de Verville;42460;42033;Le Cergne;;;4.306793;46.115318
42033_0037_00100;100;;Chemin de Verville;42460;42033;Le Cergne;;;4.304241;46.113155
42033_0037_00209;209;;Chemin de Verville;42460;42033;Le Cergne;;;4.306785;46.11526
42033_0037_00642;642;;Chemin de Verville;42460;42033;Le Cergne;;;4.30537;46.111088
42033_0001_01340;1340;;Route de Fontimpe;42460;42033;Le Cergne;;;4.315202;46.130371
42033_0001_01710;1710;;Route de Fontimpe;42460;42033;Le Cergne;;;4.317439;46.128071
42033_0038_00260;260;;Chemin du Bois de Joux;42460;42033;Le Cergne;;;4.306317;46.120734
42033_0003_00856;856;;Route de Cours;42460;42033;Le Cergne;;;4.306579;46.113204
42033_0030_00065;65;;Chemin de la Pouge;42460;42033;Le Cergne;;;4.289027;46.120517
42033_0030_00144;144;;Chemin de la Pouge;42460;42033;Le Cergne;;;4.288591;46.121164
42033_0005_00234;234;;Chemin des Erables;42460;42033;Le Cergne;;;4.309271;46.123977
42033_0024_00086;86;;Chemin de la Madone;42460;42033;Le Cergne;;;4.311795;46.12865
42033_0024_00414;414;;Chemin de la Madone;42460;42033;Le Cergne;;;4.312744;46.130735
42033_0002_00008;8;;Route de la Buche;42460;42033;Le Cergne;;;4.306874;46.121165
42033_0023_00385;385;;Chemin de Lassy;42460;42033;Le Cergne;;;4.314579;46.124701
42033_0012_00441;441;;Chemin des Chataigniers;42460;42033;Le Cergne;;;4.314026;46.120921
42033_0004_00125;125;;Route de la Croix Couverte;42460;42033;Le Cergne;;;4.305192;46.120335
42033_0017_00061;61;;Rue des Genets;42460;42033;Le Cergne;;;4.310866;46.122355
42033_0021_00362;362;;Chemin des Harrivières Haut;42460;42033;Le Cergne;;;4.300274;46.127351
42033_0042_00080;80;;Route de Chabas;42460;42033;Le Cergne;;;4.300395;46.117879
42033_0042_00780;780;;Route de Chabas;42460;42033;Le Cergne;;;4.296335;46.119478
42033_0031_00023;23;;Chemin Puillet;42460;42033;Le Cergne;;;4.306226;46.121162
42033_0039_00061;61;;Chemin de Bellevue;42460;42033;Le Cergne;;;4.308001;46.122421
42033_0018_00007;7;;Impasse des Gites;42460;42033;Le Cergne;;;4.312816;46.121348
42033_0035_00024;24;;Passage des Tisseurs;42460;42033;Le Cergne;;;4.307042;46.121452
42033_0028_00095;95;;Chemin du Poizat;42460;42033;Le Cergne;;;4.314336;46.122066
42033_0028_00211;211;;Chemin du Poizat;42460;42033;Le Cergne;;;4.315469;46.122592
42033_0037_00705;705;;Chemin de Verville;42460;42033;Le Cergne;;;4.305865;46.11038
42033_0001_02422;2422;;Route de Fontimpe;42460;42033;Le Cergne;;;4.318388;46.122063
42033_0003_00180;180;;Route de Cours;42460;42033;Le Cergne;;;4.306387;46.120898
42033_0002_00215;215;;Route de la Buche;42460;42033;Le Cergne;;;4.308943;46.122201
42033_0002_00601;601;;Route de la Buche;42460;42033;Le Cergne;;;4.313273;46.12273
42033_0016_00039;39;;Rue de la Fontaine;42460;42033;Le Cergne;;;4.306659;46.121394
42033_0023_00272;272;;Chemin de Lassy;42460;42033;Le Cergne;;;4.314292;46.123824
42033_0004_00255;255;;Route de la Croix Couverte;42460;42033;Le Cergne;;;4.302136;46.117954
42033_0017_00021;21;;Rue des Genets;42460;42033;Le Cergne;;;4.310768;46.12203
42033_0032_00180;180;;Chemin du Ravier;42460;42033;Le Cergne;;;4.297951;46.117749
42033_0007_00035;35;;Impasse de Bellevue;42460;42033;Le Cergne;;;4.3089;46.122727
42033_0007_00096;96;;Impasse de Bellevue;42460;42033;Le Cergne;;;4.308921;46.123093
42033_0007_00231;231;;Impasse de Bellevue;42460;42033;Le Cergne;;;4.309147;46.122934
42033_0037_00975;975;;Chemin de Verville;42460;42033;Le Cergne;;;4.305371;46.108097
42033_0001_01011;1011;;Route de Fontimpe;42460;42033;Le Cergne;;;4.313375;46.12915
42033_0025_00310;310;;Chemin du Munet;42460;42033;Le Cergne;;;4.310116;46.119822
42033_0025_00581;581;;Chemin du Munet;42460;42033;Le Cergne;;;4.30877;46.118093
42033_0033_00095;95;;Chemin des Ronzières;42460;42033;Le Cergne;;;4.295272;46.118817
42033_0003_00109;109;;Route de Cours;42460;42033;Le Cergne;;;4.306793;46.115707
42033_0003_00464;464;;Route de Cours;42460;42033;Le Cergne;;;4.306414;46.120808
42033_0002_00165;165;;Route de la Buche;42460;42033;Le Cergne;;;4.30824;46.121984
42033_0016_00009;9;;Rue de la Fontaine;42460;42033;Le Cergne;;;4.306566;46.121226
42033_0016_00084;84;;Rue de la Fontaine;42460;42033;Le Cergne;;;4.306957;46.121824
42033_0006_00111;111;;Route d'Arcinges;42460;42033;Le Cergne;;;4.306617;46.12341
42033_0004_00995;995;;Route de la Croix Couverte;42460;42033;Le Cergne;;;4.298337;46.115025
42033_0017_00091;91;;Rue des Genets;42460;42033;Le Cergne;;;4.311051;46.122559
42033_0021_00070;70;;Chemin des Harrivières Haut;42460;42033;Le Cergne;;;4.304016;46.126781
42033_0020_00640;640;;Chemin des Harrivières Bas;42460;42033;Le Cergne;;;4.303016;46.122956
